# 实体重要性分析报告
# 格式: 实体|重要性|置信度|分层|分流|因果|唯一|转折|storyScore|storyValue|呈现价值|提及|章节
# 分层: core=核心 / supporting=支撑 / candidate=候选 / archived=归档
# 分流: main=主表 / staging=暂存区 / archive=归档
# Importance = 0.7 × storyValue + 0.3 × productionValue
# storyValue: 三支柱 storyScore(0-6) 查表/归一化后的故事评分
# 置信度: 基于出现次数、位置特征、分布广度、语义段落、基础统计量
# 三支柱: 因果必要性(行为驱动+不可替代) + 信息唯一性(语义相似度反向) + 状态转折性(情感+关系+转折词)

=== CHARACTER (167条) ===
实体|重要性|置信度|分层|分流|因果|唯一|转折|storyScore|storyValue|呈现价值|提及|章节
魏琛|0.650|0.783|supporting|main|2|0|1|3|0.50|1.00|1509|422,423,424,425,426,427,428,429,441,443,444,445,447,449,450,451,452,453,454,455,456,457,458,495,507,511,513,514,515,516,519,520,521,522,523,524,526,527,528,529,530,532,533,534,535,536,537,538,539,540,542,545,546,547,548,549,550,551,552,553,554,555,558,559,562,563,564,567,569,575,579,588,595,597,602,603,626,629,630,631,633,634,635,647,649,650,654,655,656,657,658,659,660,661,663,672,674,675,677,678,679,680,685,686,687,691,703,704,711,716,717,729,738,740,741,743,746,748,749,756,757,758,762,764,765,767,770,772,773,775,776,777,778,779,780,782,784,786,787,798,799,802,806,808,810,811,812,813,814,815,816,820,830,849,850,851,852,853,855,857,859,870,874,877,878,879,880,882,885,886,887,891,894,896,901,903,904,905,907,911,912,918,919,920,921,932,942,944,967,968,971,972,992,1004,1005,1041,1043,1044,1047,1048,1057,1065,1082,1083,1085,1086,1087,1088,1089,1112,1114,1115,1128,1129,1131,1138,1149,1150,1156,1161,1166,1167,1168,1169,1170,1198,1205,1211,1212,1213,1223,1226,1229,1239,1240,1241,1242,1258,1259,1260,1262,1266,1270,1271,1273,1279,1287,1288,1289,1293,1305,1306,1325,1326,1327,1330,1331,1332,1333,1334,1335,1336,1337,1338,1342,1344,1346,1355,1364,1382,1389,1390,1414,1415,1416,1417,1418,1440,1449,1467,1481,1553,1556,1573,1589,1591,1641,1642,1645
叶秋|0.650|0.812|supporting|main|2|0|1|3|0.50|1.00|1292|4,8,15,16,17,18,19,20,22,25,26,27,28,29,31,32,42,43,45,47,48,49,50,52,53,54,66,72,84,85,86,89,92,93,94,96,101,106,123,132,151,153,159,163,164,165,172,173,181,182,183,184,186,188,190,192,196,197,198,199,204,206,207,208,211,212,217,221,231,238,239,240,241,243,244,252,253,254,255,267,268,270,271,272,273,274,275,276,277,278,279,281,282,283,284,286,287,288,291,295,296,297,299,300,309,310,311,312,313,317,324,325,327,329,330,332,333,334,335,336,340,341,342,343,344,345,346,348,350,351,352,353,357,358,360,361,362,363,365,366,367,370,371,372,375,377,380,385,390,392,393,395,396,398,399,400,401,406,407,408,409,413,418,422,423,426,427,459,460,495,500,501,502,504,508,510,511,512,516,518,520,524,529,531,540,548,568,583,585,591,602,604,605,608,610,612,617,618,619,621,622,624,625,626,628,629,630,631,632,635,636,637,639,640,643,644,645,646,647,649,650,651,652,653,654,655,656,657,658,659,663,665,673,675,683,684,693,694,695,696,697,698,699,700,701,704,705,707,708,709,710,715,718,719,726,727,730,732,736,737,738,739,740,741,750,755,757,759,761,764,765,766,774,789,792,794,796,797,799,800,801,804,805,808,824,825,826,827,829,838,843,851,858,866,867,868,869,872,873,874,875,876,877,878,879,882,883,887,889,909,910,921,922,923,926,928,971,980,984,1007,1009,1020,1139,1159,1249,1283,1489,1561,1588,1643,1646,1647,1648,1649,1667,1668,1669,1670,1672,1690,1698,1699,1700,1728,1733,1735,1737
毕竟|0.650|0.843|supporting|main|2|0|1|3|0.50|1.00|504|1,8,15,19,25,26,28,36,42,50,55,56,61,62,66,69,75,80,81,82,83,85,86,87,89,90,98,100,101,106,111,118,124,128,129,134,144,145,150,152,156,158,161,163,164,165,167,168,169,174,175,180,184,186,187,188,193,194,199,200,202,204,205,206,207,209,210,212,215,218,220,226,227,229,230,233,235,240,245,247,252,253,259,261,263,267,268,271,272,278,279,281,283,284,288,290,291,302,303,308,311,314,327,329,333,334,342,348,361,364,369,370,379,382,383,391,406,410,411,414,418,424,427,428,429,432,434,435,452,454,458,460,470,471,474,476,481,483,485,487,489,492,493,499,501,506,507,509,513,515,518,520,526,530,531,533,536,538,541,542,545,547,548,549,552,553,554,556,558,562,563,565,569,572,573,582,586,592,594,595,596,597,601,602,603,604,606,611,615,617,619,627,628,629,630,631,633,635,636,640,643,646,647,649,654,655,661,663,664,667,670,676,677,681,685,687,693,697,700,701,711,712,713,719,722,724,731,736,740,741,742,743,752,760,762,763,768,770,771,774,779,780,782,787,790,791,792,795,797,798,803,804,805,812,821,822,832,839,841,845,861,862,863,871,880,883,886,894,897,899,900,903,911,912,913,915,920,922,929,940,942,953,959,960,962,966,968,972,983,984,988,997,1000,1002,1004,1009,1011,1012,1019,1021,1025,1027,1030,1037,1040,1044,1048,1055,1056,1061,1062,1064,1067,1070,1081,1084,1096,1108,1109,1112,1113,1114,1118,1126,1128,1130,1132,1134,1138,1141,1143,1144,1146,1150,1159,1163,1167,1171,1177,1178,1180,1182,1191,1198,1200,1201,1210,1216,1224,1231,1245,1247,1260,1265,1266,1273,1284,1285,1289,1290,1294,1298,1300,1306,1309,1314,1344,1352,1354,1365,1368,1384,1391,1397,1433,1458,1460,1461,1473,1474,1478,1484,1485,1486,1487,1497,1501,1502,1505,1507,1520,1521,1531,1535,1540,1541,1551,1558,1563,1566,1567,1569,1570,1588,1592,1606,1607,1610,1613,1633,1635,1640,1648,1658,1663,1683,1684,1695,1698,1721,1735,1737
蒋游|0.650|0.636|supporting|main|2|0|1|3|0.50|1.00|404|16,17,73,74,88,96,97,105,128,129,130,131,132,133,135,136,137,138,140,141,142,143,144,145,148,149,150,151,152,153,159,161,162,163,165,169,170,172,173,204,206,207,208,258,260,264,265,273,274,275,280,281,283,284,285,295,296,344,442,443,444,445,448,459,468,469,470,489,490,491,492,494,495,496,499,500,501,502,503,504,506,508,509,512,515,557,582,606,607,610,650,651,654,656,1015,1017,1436
罗辑|0.650|0.658|supporting|main|2|0|1|3|0.50|1.00|296|513,676,677,678,686,717,746,764,770,771,773,775,777,779,781,784,798,832,849,850,852,853,855,858,859,870,878,880,882,896,911,944,967,995,1048,1082,1088,1105,1166,1168,1169,1170,1200,1205,1250,1251,1252,1253,1254,1256,1258,1262,1266,1268,1269,1270,1273,1279,1280,1281,1282,1283,1284,1285,1286,1287,1288,1290,1322,1418,1424,1425,1426,1427,1431,1432,1433,1443,1449,1470,1478,1479,1480,1481,1482,1486,1487,1488,1492,1553,1555,1591,1641,1642
叶修又|0.650|0.630|supporting|main|2|0|1|3|0.50|1.00|101|45,62,85,100,102,121,132,133,147,149,160,161,174,175,181,191,195,199,200,214,261,268,270,271,284,294,299,303,307,311,313,314,316,327,332,343,344,373,377,378,413,423,426,435,440,469,471,495,521,545,549,568,588,617,641,683,706,717,739,744,761,790,817,829,894,955,985,1009,1023,1036,1040,1046,1083,1158,1171,1223,1224,1241,1250,1254,1256,1305,1355,1421,1430,1449,1600,1657,1677,1724
时还|0.650|0.734|supporting|main|2|0|1|3|0.50|1.00|98|35,47,57,76,116,125,128,131,144,160,199,222,244,249,281,307,358,380,403,466,471,491,525,531,532,584,594,603,604,613,615,662,665,684,686,705,711,733,753,765,774,795,802,815,837,843,846,868,880,881,907,908,943,950,955,956,1026,1036,1057,1061,1083,1172,1179,1188,1212,1214,1259,1277,1290,1297,1300,1311,1342,1350,1379,1394,1440,1448,1460,1475,1477,1486,1498,1505,1513,1520,1562,1583,1591,1613,1616,1660,1702
杨聪|0.650|0.333|supporting|main|2|0|1|3|0.50|1.00|62|1,2,4,854,868,1039,1172,1173,1198,1203,1222,1227,1247,1251,1294,1295,1296,1297,1345,1397,1450,1737
于也|0.650|0.351|supporting|main|2|0|1|3|0.50|1.00|62|83,110,111,168,180,189,195,203,207,208,212,219,221,230,243,290,291,301,318,347,358,375,377,404,435,436,460,473,489,495,498,512,525,534,581,655,660,711,724,764,766,876,1007,1037,1108,1153,1171,1278,1455,1491,1567,1592,1598,1599,1606,1641,1642,1723
于嘉世|0.650|0.446|supporting|main|2|0|1|3|0.50|1.00|50|253,361,371,414,519,520,522,530,531,534,551,632,652,681,693,694,728,731,737,766,797,803,831,877,904,909,918,930,933,940,945,948,951,958,960,967,968,980,983,985,998,1056,1116,1159,1598
叶修此时|0.650|0.356|supporting|main|2|0|1|3|0.50|1.00|37|20,43,66,69,126,164,171,188,203,208,231,260,288,400,403,423,425,491,525,610,638,645,809,882,983,1115,1182,1239,1289,1311,1485,1593,1654,1655,1656,1712
叶修反|0.650|0.330|supporting|main|2|0|1|3|0.50|1.00|37|4,12,80,241,278,285,295,306,308,320,321,324,332,351,359,419,428,429,452,495,508,523,532,538,547,874,887,1008,1047,1054,1159,1182,1202,1223,1276,1312,1689
叶修随|0.650|0.340|supporting|main|2|0|1|3|0.50|1.00|37|8,13,56,171,176,201,253,413,459,488,532,535,538,540,554,588,758,759,760,773,788,809,983,1016,1021,1054,1085,1123,1305,1326,1349,1450,1533,1555,1675
叶修也|0.634|0.812|supporting|main|2|0|1|3|0.50|0.95|327|2,4,6,22,23,27,32,52,55,56,63,64,67,68,70,75,79,86,90,95,98,99,116,122,136,142,143,144,147,168,171,175,189,195,196,198,199,202,204,205,208,209,210,211,220,241,243,244,254,257,258,266,272,286,287,289,290,299,301,306,307,308,309,310,312,315,316,318,321,322,328,329,334,336,340,343,346,354,355,358,362,365,366,368,374,386,398,401,403,409,410,417,419,420,422,424,431,438,441,444,457,460,461,462,469,484,495,503,509,510,512,514,518,521,530,534,535,536,538,543,545,550,555,568,569,576,579,580,602,603,605,606,619,629,633,634,642,647,666,674,676,677,680,682,705,715,720,743,761,762,764,771,772,795,800,812,814,818,828,830,833,838,842,843,844,849,850,853,865,866,874,878,882,894,896,897,898,928,935,938,952,955,995,999,1005,1012,1014,1023,1024,1030,1035,1036,1041,1045,1049,1051,1057,1059,1066,1072,1078,1082,1094,1114,1123,1128,1149,1156,1161,1162,1165,1171,1183,1201,1211,1220,1226,1231,1241,1256,1288,1294,1313,1329,1337,1350,1384,1385,1402,1404,1411,1419,1421,1436,1438,1443,1444,1450,1451,1453,1484,1489,1492,1497,1503,1505,1508,1509,1510,1515,1535,1540,1542,1551,1571,1591,1615,1624,1628,1640,1650,1652,1664,1665,1667,1670,1695,1701,1702,1705,1718
李艺博|0.630|0.736|supporting|main|2|0|1|3|0.50|0.93|1017|0,1,2,317,318,320,593,594,595,836,913,914,915,916,917,918,919,920,921,922,923,925,926,927,928,929,930,931,932,933,934,938,941,944,945,946,948,949,950,951,952,956,957,958,960,961,964,1101,1103,1105,1106,1108,1127,1128,1130,1131,1134,1148,1149,1150,1151,1152,1153,1154,1172,1175,1181,1203,1204,1205,1206,1207,1208,1209,1210,1211,1212,1215,1218,1219,1225,1235,1236,1237,1238,1239,1240,1241,1242,1243,1244,1245,1246,1248,1255,1260,1261,1264,1265,1274,1276,1277,1279,1280,1281,1282,1283,1284,1285,1286,1290,1292,1293,1298,1301,1303,1307,1308,1309,1310,1311,1312,1315,1316,1317,1318,1319,1321,1322,1323,1324,1325,1326,1327,1330,1332,1333,1334,1336,1337,1338,1339,1340,1341,1342,1343,1344,1346,1347,1348,1349,1350,1351,1352,1353,1354,1355,1356,1357,1358,1359,1360,1361,1362,1363,1364,1365,1366,1367,1368,1369,1370,1371,1372,1375,1377,1379,1382,1383,1385,1386,1387,1390,1391,1393,1398,1399,1400,1401,1404,1407,1409,1410,1411,1413,1414,1416,1418,1419,1420,1425,1426,1428,1429,1431,1434,1435,1437,1438,1440,1442,1443,1444,1452,1457,1458,1459,1462,1470,1481,1484,1498,1503,1504,1505,1506,1509,1516,1517,1519,1528,1532,1533,1535,1536,1543,1545,1547,1551,1556,1557,1567,1569,1570,1571,1573,1582,1592,1594,1611,1613,1614,1622,1623,1639,1641,1642,1733,1734,1735,1737
水平|0.621|0.790|supporting|main|2|0|1|3|0.50|0.90|270|6,12,14,20,21,29,35,42,45,47,51,53,55,61,66,70,73,74,90,95,96,114,116,117,118,119,122,127,131,145,149,169,170,172,175,177,181,183,202,208,211,219,220,222,223,235,237,239,262,279,290,296,297,304,308,331,333,337,339,340,346,347,358,371,375,394,397,408,410,422,443,461,469,473,478,483,487,494,517,523,530,533,549,550,554,556,557,560,569,577,586,594,609,611,612,614,615,617,618,619,623,645,646,652,658,662,668,677,679,680,682,683,684,688,689,699,701,703,704,711,715,716,718,726,732,733,735,741,746,747,748,750,754,755,757,758,760,766,769,784,787,790,798,814,831,834,838,839,843,845,858,864,865,866,880,888,901,904,906,908,915,922,926,930,933,941,944,956,957,963,972,979,1005,1041,1052,1058,1061,1066,1089,1098,1099,1106,1134,1138,1141,1149,1187,1196,1206,1218,1222,1233,1238,1252,1276,1282,1284,1290,1308,1309,1323,1359,1362,1379,1386,1391,1399,1400,1427,1433,1437,1449,1451,1453,1474,1475,1480,1527,1562,1593,1623,1637,1648,1656,1658,1686,1691,1699,1704,1714,1716,1721,1723,1729,1730,1737
李指导|0.613|0.322|supporting|main|2|0|1|3|0.50|0.88|44|0,1,593,836,913,915,916,917,918,920,922,923,930,1101,1103,1104,1108,1128,1151,1175,1203,1206,1209,1218,1279,1286,1307,1344,1363,1383,1426,1443,1452,1470,1737
时倒|0.613|0.343|supporting|main|2|0|1|3|0.50|0.88|39|62,74,138,144,172,182,204,206,208,235,262,332,386,390,407,442,445,462,470,518,563,609,656,693,728,891,904,946,1034,1048,1068,1282,1311,1322,1366,1595,1599,1633,1720
乐部|0.606|0.725|supporting|main|2|0|1|3|0.50|0.85|324|8,15,16,19,23,28,31,32,33,37,41,42,51,52,53,54,64,66,84,91,96,117,127,142,159,198,209,214,253,255,257,260,264,269,270,283,285,288,292,294,302,321,324,325,328,330,333,334,337,345,348,350,359,360,369,371,376,378,385,391,410,411,413,414,416,417,418,432,433,435,438,441,442,447,451,454,457,459,468,491,514,518,519,520,526,529,531,535,536,537,542,547,554,555,558,580,581,585,589,591,596,597,603,604,605,608,617,621,622,623,624,625,626,628,629,644,650,651,660,663,664,666,669,672,679,680,681,685,690,693,694,695,698,705,707,708,709,710,712,716,717,744,745,757,762,763,766,768,774,797,799,800,801,802,805,808,814,815,824,839,844,852,863,869,870,873,895,896,935,969,970,973,979,980,996,997,998,999,1005,1015,1019,1020,1029,1038,1039,1040,1103,1263,1276,1300,1313,1386,1612,1646,1648,1668,1733
施展|0.602|0.696|supporting|main|2|0|1|3|0.50|0.84|255|12,13,27,51,67,69,79,90,95,97,99,104,117,119,128,129,139,143,149,150,161,162,192,213,216,231,232,237,265,304,353,354,356,375,383,436,504,565,572,638,703,721,751,772,782,799,857,890,898,907,924,929,955,964,966,989,1000,1011,1015,1031,1057,1064,1073,1075,1095,1098,1104,1119,1121,1122,1128,1143,1153,1164,1165,1175,1183,1207,1210,1212,1219,1225,1228,1236,1239,1245,1257,1295,1296,1297,1308,1310,1312,1317,1318,1320,1330,1331,1336,1339,1340,1342,1348,1361,1366,1373,1384,1385,1388,1390,1393,1394,1399,1400,1405,1420,1428,1444,1445,1453,1454,1455,1460,1461,1466,1467,1473,1482,1484,1485,1501,1504,1506,1507,1510,1513,1518,1522,1524,1525,1527,1528,1529,1535,1539,1545,1548,1549,1559,1562,1566,1568,1575,1576,1580,1585,1595,1599,1601,1606,1607,1608,1611,1618,1621,1625,1626,1628,1631,1633,1634,1635,1637,1638,1639,1652,1656,1663,1681,1684,1694,1713,1714,1720,1730,1731,1737
张佳乐|0.588|0.701|supporting|main|2|0|1|3|0.50|0.79|555|127,493,494,495,496,497,499,500,502,503,504,505,506,507,508,509,514,516,664,668,669,670,671,684,696,697,705,713,714,767,832,833,834,843,857,858,860,861,862,863,864,865,940,973,977,978,986,988,989,991,993,994,996,1002,1008,1022,1028,1029,1030,1031,1034,1035,1036,1041,1042,1055,1059,1060,1061,1069,1073,1088,1089,1091,1092,1094,1095,1098,1099,1130,1139,1158,1160,1171,1172,1222,1223,1224,1225,1226,1262,1273,1279,1292,1302,1304,1387,1396,1398,1401,1402,1403,1404,1405,1406,1407,1408,1409,1410,1411,1418,1420,1421,1422,1423,1424,1425,1427,1429,1430,1431,1432,1433,1434,1436,1437,1438,1443,1445,1450,1461,1462,1463,1464,1469,1472,1474,1475,1477,1480,1482,1484,1485,1486,1487,1488,1489,1490,1491,1506
唐昊|0.575|0.545|supporting|main|2|0|1|3|0.50|0.75|213|121,127,217,218,219,222,244,245,246,316,494,495,607,662,664,668,670,711,767,833,836,859,978,987,988,1006,1023,1024,1025,1026,1027,1029,1032,1038,1040,1057,1061,1146,1147,1163,1172,1179,1181,1182,1183,1184,1185,1186,1187,1189,1192,1193,1194,1195,1230,1232,1233,1235,1251,1255,1280,1281,1282,1283,1284,1286,1287,1397,1491,1496,1589,1602,1615,1616,1645
叶修很|0.575|0.335|supporting|main|2|0|1|3|0.50|0.75|44|7,26,43,131,136,146,154,164,223,310,312,374,387,408,411,424,449,461,495,510,518,519,532,543,552,595,597,623,665,814,865,977,1004,1110,1224,1232,1277,1363,1444,1533,1679
夏仲|0.575|0.325|supporting|main|2|0|1|3|0.50|0.75|43|983,984,985,986,998,999,1300
陈果很|0.575|0.349|supporting|main|2|0|1|3|0.50|0.75|42|9,29,173,177,195,205,227,244,254,297,308,318,331,342,374,385,440,519,525,537,605,682,690,750,871,894,942,967,1004,1043,1081,1084,1199,1222,1440,1448,1527,1692,1714,1733,1735
于此|0.575|0.343|supporting|main|2|0|1|3|0.50|0.75|38|42,86,235,251,259,423,499,615,749,827,855,878,933,944,947,988,1000,1026,1065,1110,1165,1245,1251,1345,1404,1423,1429,1430,1445,1454,1457,1472,1488,1489,1545,1629,1644
伍晨|0.553|0.512|supporting|main|2|0|1|3|0.50|0.68|215|719,722,729,732,733,734,735,745,756,758,759,760,761,762,763,764,765,772,773,774,775,777,778,779,784,786,787,788,790,795,802,811,812,813,830,849,852,858,859,882,944,945,946,947,948,951,954,957,958,973,998,1004,1012,1015,1112,1202,1303,1304,1493,1645
时又|0.552|0.576|supporting|main|2|0|1|3|0.50|0.67|113|20,21,29,55,60,65,78,83,106,118,126,154,162,182,194,229,230,233,235,238,239,260,274,275,278,284,286,296,303,323,353,363,368,379,383,387,403,412,422,427,446,470,475,482,506,510,519,564,572,590,609,610,637,655,690,706,740,750,756,764,773,782,786,789,794,797,802,809,822,826,875,890,891,896,903,907,927,929,958,1003,1092,1095,1113,1133,1140,1145,1186,1193,1215,1224,1249,1286,1300,1315,1369,1379,1448,1455,1480,1491,1515,1529,1530,1571,1573,1639,1682,1703
时已经|0.548|0.598|supporting|main|2|0|1|3|0.50|0.66|107|20,38,39,74,83,84,87,90,91,100,111,119,128,130,163,177,179,182,184,213,240,245,249,252,278,280,296,329,368,384,456,465,503,511,512,527,546,558,618,637,703,730,740,748,752,772,783,833,857,876,900,902,945,950,953,959,1022,1029,1041,1061,1066,1075,1077,1103,1105,1107,1119,1132,1141,1188,1191,1225,1269,1282,1310,1313,1314,1343,1345,1374,1378,1418,1430,1459,1473,1504,1545,1546,1548,1556,1558,1559,1572,1581,1596,1660,1672,1716,1721,1731,1737
孙哲平|0.546|0.673|supporting|main|2|0|1|3|0.50|0.65|180|843,844,849,862,863,864,865,871,872,880,882,883,890,891,894,895,898,905,906,932,940,941,942,943,944,946,967,968,971,991,1055,1060,1065,1066,1097,1098,1099,1160,1171,1187,1234,1273,1280,1302,1303,1402,1403,1404,1406,1463,1493,1540
常先|0.543|0.578|supporting|main|2|0|1|3|0.50|0.64|230|736,737,738,739,740,741,756,758,795,796,872,873,874,875,876,879,892,893,894,896,909,910,982,983,985,986,1051,1052,1081,1109,1110,1112,1300,1301,1433
苏沐橙|0.531|0.878|supporting|main|2|0|0|2|0.33|1.00|1399|1,2,4,7,8,9,10,11,12,16,20,22,23,24,25,27,30,31,32,33,59,60,61,62,68,70,71,75,77,78,85,86,88,96,97,98,99,100,101,104,105,106,116,120,121,126,128,131,132,133,146,147,148,154,155,158,160,167,170,174,177,181,182,184,189,191,192,193,194,195,196,199,200,206,209,210,225,226,227,229,240,244,248,250,251,252,253,256,261,262,268,272,276,281,286,287,288,291,292,299,300,301,302,306,307,312,313,314,315,316,317,321,323,332,333,334,335,341,342,343,366,385,399,413,520,524,525,526,528,531,604,625,628,647,648,649,652,655,657,659,663,675,678,679,680,683,686,687,694,698,717,731,739,765,797,805,832,852,870,871,872,873,911,942,943,944,954,957,967,968,971,973,975,979,980,983,995,999,1002,1003,1022,1025,1029,1032,1033,1035,1038,1043,1045,1048,1052,1054,1055,1059,1060,1061,1067,1071,1074,1079,1081,1083,1084,1087,1088,1089,1090,1091,1093,1094,1100,1115,1116,1117,1123,1127,1128,1130,1141,1142,1143,1144,1145,1149,1150,1151,1155,1156,1157,1166,1171,1176,1178,1179,1182,1187,1194,1198,1199,1201,1205,1206,1212,1214,1226,1241,1247,1248,1254,1255,1258,1259,1262,1263,1283,1284,1285,1286,1287,1288,1290,1294,1295,1296,1297,1305,1316,1325,1326,1327,1330,1332,1338,1339,1340,1342,1343,1371,1372,1373,1374,1375,1376,1378,1380,1382,1383,1385,1389,1392,1393,1396,1397,1410,1422,1423,1424,1425,1430,1431,1437,1438,1439,1441,1444,1445,1446,1447,1458,1459,1460,1461,1462,1474,1475,1476,1477,1483,1484,1485,1489,1504,1515,1516,1517,1518,1519,1520,1521,1522,1523,1527,1531,1532,1533,1534,1537,1541,1546,1547,1548,1549,1550,1551,1553,1554,1567,1568,1569,1571,1577,1578,1592,1595,1598,1600,1601,1602,1606,1607,1608,1610,1612,1613,1617,1621,1622,1623,1626,1630,1633,1634,1638,1639,1640,1641,1642,1644,1645,1646,1647,1649,1716,1733,1734,1735
王杰希|0.531|0.754|supporting|main|2|0|0|2|0.33|1.00|543|32,33,34,35,36,37,42,43,44,45,46,47,48,49,50,51,52,53,55,84,98,99,210,211,212,213,214,215,218,222,223,231,238,245,247,248,249,250,251,301,303,304,305,322,342,352,358,359,361,495,514,632,668,670,679,714,742,748,756,757,766,767,790,791,792,793,794,795,833,858,859,860,861,864,865,867,868,954,970,986,988,1003,1012,1020,1021,1039,1058,1084,1101,1103,1104,1107,1108,1109,1110,1111,1165,1172,1173,1177,1179,1180,1181,1182,1183,1184,1185,1198,1234,1237,1240,1241,1242,1243,1244,1245,1246,1247,1249,1264,1286,1381,1402,1413,1450,1496,1499,1507,1558,1569,1574,1589,1593,1610,1615,1617,1619,1620,1621,1645
尤其|0.531|0.844|supporting|main|2|0|0|2|0.33|1.00|485|6,7,9,15,16,25,39,47,48,49,51,55,56,59,64,65,76,77,84,85,88,93,101,106,110,112,113,123,125,130,131,132,139,152,167,170,171,173,188,191,195,201,204,205,209,210,215,221,222,223,226,240,243,244,251,253,255,263,265,266,269,271,272,273,275,281,282,292,296,299,301,302,305,312,316,317,326,328,330,332,333,334,344,348,349,350,351,355,356,359,360,361,366,370,372,377,385,388,394,398,399,400,401,404,406,407,412,413,417,418,430,434,435,437,439,442,443,446,453,454,455,458,460,461,462,464,467,468,472,474,480,491,493,497,501,502,503,507,520,524,527,531,535,536,543,551,553,554,555,556,563,565,567,571,572,575,581,587,589,590,591,593,597,600,602,603,604,614,621,622,623,624,627,628,629,635,641,649,651,655,664,667,670,673,674,677,681,685,687,691,693,694,695,696,698,700,701,704,705,711,712,713,716,717,719,723,725,734,735,739,742,747,749,750,752,754,758,761,762,765,767,768,773,774,776,778,787,791,794,798,801,804,814,822,830,831,833,835,842,843,844,849,850,853,855,858,861,865,869,874,876,878,880,883,888,892,893,909,914,920,921,930,942,945,951,964,968,972,973,978,982,983,985,986,994,998,999,1005,1009,1010,1012,1015,1022,1037,1042,1047,1051,1056,1064,1067,1072,1081,1084,1088,1089,1091,1094,1095,1110,1114,1116,1125,1138,1152,1153,1160,1164,1193,1196,1197,1210,1211,1225,1230,1232,1242,1251,1257,1265,1266,1270,1273,1289,1296,1298,1300,1305,1309,1310,1314,1316,1320,1322,1330,1336,1342,1357,1361,1373,1381,1382,1385,1386,1395,1396,1400,1410,1416,1429,1434,1438,1441,1456,1460,1467,1475,1479,1490,1495,1498,1512,1519,1523,1527,1531,1532,1539,1540,1543,1546,1547,1551,1552,1568,1574,1591,1593,1602,1604,1608,1609,1611,1619,1624,1627,1630,1633,1634,1639,1701,1716,1726,1727,1733,1737
时也|0.531|0.853|supporting|main|2|0|0|2|0.33|1.00|374|11,27,29,38,39,43,51,65,67,70,86,88,92,93,95,101,118,135,139,141,142,147,152,153,158,171,176,181,184,188,192,197,198,201,206,207,209,210,213,215,220,222,225,231,235,241,245,249,251,253,264,267,277,285,287,289,310,312,315,319,320,321,326,330,331,335,354,357,364,371,386,388,399,401,405,406,425,426,428,430,432,434,436,438,440,443,447,452,455,459,463,470,477,481,499,505,511,515,517,524,525,527,529,531,538,541,562,564,567,571,578,581,588,601,602,603,606,607,612,613,615,619,629,635,636,637,640,645,650,657,662,665,666,667,668,671,674,676,682,684,694,696,699,706,712,719,721,725,733,737,738,739,748,751,754,756,765,767,776,778,779,784,787,803,805,807,810,814,830,831,840,842,856,860,863,864,866,869,874,883,884,890,897,902,903,905,906,911,912,938,945,954,956,957,960,963,964,965,966,974,983,994,995,1010,1011,1012,1013,1014,1018,1022,1030,1037,1042,1043,1056,1065,1067,1068,1069,1070,1083,1088,1105,1106,1122,1124,1130,1131,1135,1142,1143,1160,1163,1164,1179,1181,1187,1190,1197,1202,1215,1228,1236,1247,1255,1257,1260,1271,1285,1296,1313,1315,1316,1317,1320,1322,1328,1345,1348,1349,1351,1364,1368,1370,1377,1378,1391,1396,1401,1403,1404,1423,1427,1428,1430,1431,1435,1436,1442,1444,1446,1447,1449,1451,1452,1459,1460,1461,1472,1473,1477,1494,1503,1505,1512,1523,1524,1533,1534,1538,1539,1550,1552,1554,1561,1562,1567,1570,1572,1575,1577,1580,1596,1606,1616,1619,1620,1623,1624,1627,1631,1635,1639,1644,1655,1665,1674,1702
叶修回|0.531|0.773|supporting|main|2|0|0|2|0.33|1.00|285|4,5,7,8,9,10,17,18,23,26,28,29,36,49,54,66,71,74,80,84,88,89,94,97,104,108,110,112,146,147,148,151,158,163,164,167,168,171,172,174,189,201,205,206,207,208,209,240,243,253,255,260,268,270,271,278,284,285,287,288,294,295,297,299,307,308,319,323,327,335,345,350,352,359,365,366,367,369,373,386,412,413,419,423,427,428,432,438,440,443,446,447,449,452,453,457,458,459,460,463,469,488,491,502,503,523,530,532,533,538,539,541,546,548,555,558,567,568,574,583,602,643,715,716,744,750,760,777,789,791,792,799,814,815,829,864,880,894,928,976,977,983,1014,1015,1022,1031,1047,1079,1092,1117,1129,1134,1158,1162,1187,1204,1219,1224,1231,1267,1278,1307,1337,1350,1351,1353,1385,1436,1449,1456,1471,1474,1508,1510,1571,1638,1648,1669,1670,1671,1672,1677,1683,1706,1711,1713,1717,1718,1724,1728,1730
陶轩|0.531|0.668|supporting|main|2|0|0|2|0.33|1.00|222|419,515,518,526,531,532,604,623,624,627,628,629,630,631,632,633,663,695,696,720,730,731,732,735,758,872,873,874,875,876,909,910,911,929,938,940,941,942,944,945,958,967,970,975,976,979,980,981,982,985,995,999
唐三|0.531|0.662|supporting|main|2|0|0|2|0.33|1.00|207|121,127,217,218,245,246,494,607,614,615,660,662,711,833,834,853,1012,1019,1023,1024,1025,1026,1027,1032,1038,1140,1163,1176,1177,1179,1180,1181,1182,1183,1186,1187,1193,1194,1233,1234,1251,1255,1281,1282,1283,1285,1408,1409,1435,1478
叶修点|0.531|0.717|supporting|main|2|0|0|2|0.33|1.00|129|3,79,102,117,134,168,185,191,201,217,222,235,242,252,254,256,258,260,272,294,297,305,308,319,320,321,326,335,340,345,349,411,416,419,421,426,430,438,440,447,459,508,510,520,524,525,526,530,534,535,539,544,569,575,641,642,676,683,686,704,716,737,776,795,814,849,851,852,905,911,942,975,980,981,983,1045,1051,1084,1085,1093,1112,1137,1161,1199,1258,1259,1266,1294,1303,1305,1346,1416,1418,1440,1492,1551,1554,1591,1674,1693,1699,1700,1715,1733
于还|0.531|0.501|supporting|main|2|0|0|2|0.33|1.00|122|4,22,26,27,72,80,94,170,199,200,239,243,244,252,255,270,274,277,306,313,315,330,335,357,387,406,409,419,430,446,449,462,467,471,475,477,486,488,532,537,574,593,594,623,632,640,643,658,673,689,694,695,715,716,726,729,738,740,754,782,798,825,830,837,838,877,888,891,900,904,925,934,960,976,979,980,1000,1026,1065,1075,1091,1109,1111,1126,1157,1165,1171,1175,1212,1216,1218,1233,1262,1275,1283,1284,1285,1293,1297,1303,1308,1335,1348,1363,1379,1394,1417,1431,1515,1518,1631,1657,1665,1715
方才|0.531|0.577|supporting|main|2|0|0|2|0.33|1.00|84|23,30,46,61,90,93,100,139,169,180,184,186,211,220,223,267,285,329,332,352,360,365,372,374,375,376,379,395,408,490,497,501,564,598,619,674,733,734,773,774,805,817,820,849,856,862,888,898,913,915,916,926,932,934,953,955,962,990,1099,1105,1179,1190,1212,1240,1428,1438,1446,1477,1478,1505,1536,1539,1547,1548,1569,1605,1619,1647,1661,1708,1715
金香|0.531|0.415|supporting|main|1|0|1|2|0.33|1.00|81|382,383,384,385,386,389,390,391,392,393,394,395,396
方便|0.531|0.483|supporting|main|2|0|0|2|0.33|1.00|79|4,15,31,32,60,72,106,124,129,135,154,158,170,182,186,207,226,241,255,271,314,316,329,333,347,364,366,375,416,450,455,471,501,520,524,540,548,573,583,586,647,653,656,666,674,680,688,689,709,783,822,832,869,883,886,894,895,926,959,984,1031,1044,1054,1106,1159,1358,1385,1386,1449,1484,1613,1624,1650,1691
时也是|0.531|0.363|supporting|main|2|0|0|2|0.33|1.00|75|11,65,70,95,139,147,152,184,192,197,201,206,207,210,213,215,220,320,399,432,459,477,511,517,529,538,567,601,603,607,640,650,662,667,696,706,754,807,830,831,863,897,964,966,983,1010,1011,1068,1069,1122,1124,1142,1179,1247,1320,1348,1351,1364,1401,1435,1442,1523,1533,1539,1561,1567,1572,1616,1623,1644,1665,1702
叶修是|0.531|0.511|supporting|main|2|0|0|2|0.33|1.00|69|7,10,24,30,48,63,101,195,240,242,243,253,266,305,309,313,320,344,364,410,411,469,520,534,544,571,603,635,666,681,683,716,737,767,865,875,876,881,895,947,968,1034,1046,1074,1161,1162,1224,1242,1272,1277,1316,1379,1390,1432,1434,1444,1452,1454,1479,1481,1486,1501,1540,1593,1610,1669,1700
唐三打|0.531|0.332|supporting|main|2|0|0|2|0.33|1.00|68|121,127,217,218,246,494,660,662,1024,1025,1026,1027,1032,1038,1140,1163,1180,1181,1186,1187,1194,1233,1251,1282,1283,1435,1478
郑轩|0.531|0.337|supporting|main|2|0|0|2|0.33|1.00|66|1230,1309,1324,1325,1326,1327,1333,1337,1338,1340,1343,1367,1377,1380,1381,1382,1383,1385,1386,1387,1388,1392,1393
萧杰|0.531|0.358|supporting|main|2|0|0|2|0.33|1.00|61|896,897,898,899,900,901,903,904,905,906,907,908
叶修无|0.531|0.564|supporting|main|2|0|0|2|0.33|1.00|58|3,23,26,32,66,71,100,134,167,197,201,203,240,241,317,322,323,337,349,367,370,377,412,421,429,441,510,515,556,579,793,795,846,858,879,899,1006,1014,1089,1161,1162,1226,1262,1369,1380,1436,1445,1483,1504,1535,1648,1655,1670
唐柔却|0.531|0.493|supporting|main|2|0|0|2|0.33|1.00|50|4,52,103,124,126,134,147,166,176,178,179,181,191,199,201,213,227,242,243,244,253,308,315,336,402,523,532,630,687,691,724,770,1216,1290,1369,1584,1596,1621,1693,1694,1698,1732
叶修倒|0.531|0.328|supporting|main|2|0|0|2|0.33|1.00|46|89,148,170,174,188,189,195,209,241,311,315,328,334,377,390,406,417,418,425,440,458,460,509,512,521,626,659,666,704,870,876,880,882,883,1013,1117,1208,1263,1344,1545,1688
陈果还|0.531|0.336|supporting|main|2|0|0|2|0.33|1.00|42|99,199,224,301,310,314,320,327,330,338,374,375,385,413,422,524,597,683,684,691,725,764,779,783,784,839,845,908,932,942,973,983,1041,1043,1050,1088,1199,1241,1647,1648,1667,1715
谢谢|0.531|0.353|supporting|main|2|0|0|2|0.33|1.00|42|5,45,53,56,120,122,146,173,217,222,274,311,428,459,520,684,702,715,911,995,1007,1008,1077,1093,1103,1109,1135,1138,1155,1162,1226,1331,1345,1394,1398,1489,1496,1497,1665,1700
柳非|0.531|0.299|supporting|main|2|0|0|2|0.33|1.00|40|37,38,39,40,41,42,46,52,214,1241
方角色|0.531|0.316|supporting|main|2|0|0|2|0.33|1.00|39|287,323,722,886,897,900,905,927,928,934,942,945,1016,1057,1067,1104,1118,1138,1162,1206,1214,1216,1219,1239,1307,1316,1328,1371,1375,1460,1484,1499,1512,1517,1525,1618
李迅|0.531|0.313|supporting|main|2|0|0|2|0.33|1.00|39|672,1062,1136,1137,1142,1143,1144,1145,1270,1271
水面|0.531|0.314|supporting|main|2|0|0|2|0.33|1.00|39|276,277,278,279,281,288,296,297,506,670,719,720,721,722,725,729,999,1013,1014,1015,1053
于还是|0.531|0.333|supporting|main|2|0|0|2|0.33|1.00|36|26,239,244,255,274,277,315,330,430,477,486,623,632,658,689,694,716,729,798,830,838,877,925,976,979,1026,1109,1157,1284,1293,1297,1431,1631,1657
花缭乱|0.531|0.524|supporting|main|2|0|1|3|0.50|0.60|111|127,244,245,305,495,669,671,743,833,860,917,930,961,989,990,1022,1030,1031,1034,1035,1036,1042,1059,1092,1177,1185,1273,1279,1292,1402,1404,1405,1407,1419,1421,1422,1423,1424,1427,1437,1461,1462,1463,1472,1473,1474,1477,1479,1482,1484,1485,1486,1487,1488
贺铭|0.529|0.662|supporting|main|2|0|1|3|0.50|0.60|134|2,331,332,333,334,341,342,399,401,403,404,405,624,625,627,922,997,1113,1114,1115,1118,1119,1120,1121,1122,1123,1124,1125,1162,1254,1256,1569
云山乱|0.524|0.435|supporting|main|2|0|1|3|0.50|0.58|125|564,592,594,833,990,991,1173,1206,1207,1208,1220,1221,1517,1518,1519,1520,1537,1538,1539,1547,1548,1549,1579,1580,1581,1582
许斌|0.523|0.515|supporting|main|2|0|1|3|0.50|0.58|107|0,1,671,672,676,790,791,893,915,926,930,938,949,955,963,964,990,1003,1042,1103,1106,1107,1173,1174,1198,1235,1236,1244,1245,1246,1247,1248,1274,1275,1289,1494,1509,1619
于兴欣|0.520|0.462|supporting|main|2|0|1|3|0.50|0.57|70|259,298,299,337,432,681,689,718,733,747,767,783,795,830,831,850,874,882,883,892,905,915,926,946,957,972,975,981,982,995,1015,1031,1035,1041,1048,1052,1079,1080,1081,1097,1111,1133,1152,1216,1221,1222,1227,1243,1250,1266,1381,1384,1397,1418,1419,1420,1438,1523,1533,1545,1570,1597,1599,1601,1606,1640,1644
诸位|0.519|0.336|supporting|main|2|0|1|3|0.50|0.56|73|45,156,159,282,284,426,442,447,449,474,591,623,712,713,772,789,790,802,816,831,832,861,864,867,868,871,882,911,993,994,1007,1017,1101,1110,1114,1124,1145,1151,1223,1225,1251,1258,1259,1275,1296,1297,1298,1300,1301,1305,1314,1333,1346,1398,1423,1429,1469,1488,1515,1532
方是|0.516|0.345|supporting|main|2|0|1|3|0.50|0.55|66|44,50,53,72,77,93,106,152,215,234,236,255,267,268,276,297,314,346,347,364,373,379,404,409,417,441,448,483,498,502,525,579,586,691,709,725,726,734,749,760,802,886,900,901,966,986,1117,1123,1124,1205,1221,1278,1303,1314,1328,1351,1459,1471,1512,1550,1555,1558
毕竟还|0.516|0.346|supporting|main|2|0|1|3|0.50|0.55|64|19,42,66,82,89,90,98,156,158,165,175,186,187,212,215,220,235,247,263,267,278,348,369,382,427,483,493,541,547,548,556,558,572,586,619,629,633,655,663,664,760,795,822,832,837,912,959,997,1050,1084,1109,1130,1150,1198,1294,1303,1314,1354,1474,1485,1563,1569,1606
于职业|0.516|0.354|supporting|main|2|0|1|3|0.50|0.55|64|19,31,38,47,50,56,66,77,93,119,219,225,233,314,334,347,354,369,407,408,508,537,585,631,634,648,658,676,699,701,708,767,768,795,814,843,865,871,973,997,1005,1010,1034,1036,1120,1171,1185,1189,1263,1269,1311,1335,1461,1478,1484,1493,1494,1524,1529,1547,1562,1564,1584
司仪|0.512|0.472|supporting|main|2|0|1|3|0.50|0.54|95|218,219,221,224,225,226,227,229,230,231,233,234,235,236,239,245,967,968
潘林|0.511|0.732|supporting|main|2|0|0|2|0.33|0.93|1002|0,1,2,317,318,913,914,915,916,917,918,919,920,921,922,923,924,925,926,927,928,929,930,931,933,934,935,938,941,944,945,946,948,949,950,951,952,954,957,958,959,964,967,1056,1071,1101,1103,1104,1105,1108,1109,1127,1128,1130,1131,1134,1148,1149,1150,1151,1152,1153,1154,1172,1175,1203,1205,1206,1207,1208,1209,1210,1211,1212,1215,1218,1225,1226,1235,1236,1237,1238,1239,1240,1241,1242,1243,1244,1246,1247,1255,1260,1261,1264,1265,1274,1275,1276,1277,1279,1280,1281,1282,1283,1284,1285,1286,1290,1292,1293,1298,1303,1306,1307,1308,1309,1310,1311,1312,1313,1315,1316,1317,1318,1320,1321,1322,1323,1325,1326,1327,1332,1333,1334,1337,1339,1340,1341,1342,1343,1344,1346,1347,1348,1349,1350,1351,1352,1353,1354,1355,1356,1357,1358,1359,1360,1361,1362,1363,1364,1365,1366,1367,1368,1369,1370,1371,1372,1377,1379,1382,1383,1385,1386,1387,1390,1391,1393,1398,1399,1400,1401,1402,1404,1405,1407,1409,1410,1411,1412,1413,1414,1416,1418,1419,1420,1421,1423,1425,1426,1428,1429,1431,1434,1435,1436,1437,1438,1439,1440,1442,1443,1446,1452,1458,1459,1462,1463,1465,1470,1484,1498,1504,1505,1506,1507,1508,1509,1513,1516,1517,1519,1528,1529,1532,1533,1535,1536,1539,1543,1551,1557,1565,1567,1569,1570,1573,1592,1594,1595,1598,1605,1611,1614,1618,1622,1639,1641,1642,1735,1737
龙破军|0.511|0.331|supporting|main|2|0|1|3|0.50|0.54|64|238,394,403,408,578,615,617,620,691,692,723,725,747,821,890,914,923,925,929,930,959,964,967,1034,1077,1105,1107,1123,1182,1210,1212,1242,1282,1369,1430,1442,1445,1468,1484,1559,1576,1577,1582,1585,1586,1595,1596,1607,1616,1630
吴启|0.510|0.314|supporting|main|2|0|1|3|0.50|0.53|75|560,562,563,564,990,1168,1169,1170,1205,1206,1208,1214,1215,1216,1590,1594,1600,1602,1610,1611,1613,1618,1619,1621,1623,1624,1625,1626,1628,1631,1632,1633,1634
方面|0.509|0.797|supporting|main|2|0|0|2|0.33|0.93|312|2,23,27,33,35,50,55,71,73,76,81,88,99,103,112,117,131,138,139,141,146,155,163,169,201,203,207,209,211,222,228,229,230,233,258,259,266,271,286,298,301,302,303,306,314,315,318,319,321,334,361,363,369,389,392,408,410,418,423,432,433,495,498,500,502,507,510,514,516,519,525,529,531,536,540,542,543,545,547,550,552,553,554,557,559,561,564,579,585,602,603,604,606,624,625,627,628,640,642,650,653,658,659,660,661,664,667,672,686,695,696,699,705,720,722,724,725,731,736,748,759,764,766,768,780,788,797,801,804,805,807,808,809,812,813,814,833,835,844,850,852,856,866,871,872,878,879,880,883,884,885,891,893,894,895,896,897,899,910,921,928,933,941,942,946,954,963,968,969,972,978,983,986,988,996,998,1004,1006,1009,1016,1029,1031,1032,1038,1040,1047,1080,1087,1088,1092,1095,1096,1101,1110,1112,1113,1134,1142,1163,1197,1202,1203,1212,1219,1229,1243,1270,1271,1288,1301,1304,1320,1333,1338,1339,1341,1353,1358,1369,1379,1393,1396,1406,1412,1419,1424,1443,1451,1465,1506,1517,1521,1530,1534,1541,1542,1543,1550,1555,1582,1588,1601,1615,1617,1632,1637,1660,1670,1682,1686,1691,1699,1724,1725,1729,1733
时君莫|0.506|0.362|supporting|main|2|0|1|3|0.50|0.52|54|19,41,50,61,66,73,130,133,161,182,201,202,255,257,260,261,262,264,265,345,421,727,752,855,928,935,965,1131,1165,1183,1194,1236,1297,1313,1353,1399,1422,1454,1457,1485,1486,1507,1533,1545,1606,1613,1676,1708,1710,1720,1721,1722
方锐|0.502|0.712|supporting|main|2|0|0|2|0.33|0.90|1247|245,607,662,1023,1024,1025,1026,1027,1028,1029,1030,1037,1038,1039,1040,1041,1044,1046,1047,1048,1049,1050,1051,1052,1053,1054,1055,1061,1062,1063,1064,1065,1066,1067,1074,1076,1077,1078,1079,1081,1082,1083,1085,1087,1089,1090,1091,1093,1094,1100,1110,1111,1118,1119,1120,1121,1122,1123,1124,1128,1139,1140,1141,1142,1145,1147,1149,1151,1152,1154,1156,1157,1159,1161,1167,1185,1186,1187,1188,1189,1190,1191,1192,1193,1195,1205,1208,1209,1210,1211,1212,1223,1226,1227,1228,1239,1240,1241,1242,1243,1244,1245,1246,1249,1254,1255,1258,1259,1260,1272,1281,1284,1288,1290,1296,1305,1314,1315,1316,1325,1329,1330,1331,1337,1339,1340,1353,1362,1363,1364,1365,1366,1367,1368,1374,1377,1378,1381,1382,1383,1385,1386,1387,1388,1389,1390,1391,1392,1393,1398,1407,1408,1409,1410,1416,1417,1422,1423,1424,1425,1427,1429,1430,1435,1436,1437,1439,1440,1441,1443,1444,1447,1449,1456,1457,1460,1466,1467,1475,1476,1477,1478,1479,1480,1481,1490,1492,1510,1521,1523,1524,1525,1526,1527,1528,1529,1530,1531,1532,1533,1534,1536,1537,1538,1539,1541,1544,1547,1548,1549,1550,1551,1552,1553,1566,1567,1569,1570,1571,1572,1573,1574,1575,1576,1577,1578,1579,1580,1581,1584,1591,1632,1638,1641,1642,1644,1645
张益玮|0.502|0.307|supporting|main|2|0|1|3|0.50|0.51|74|42,881,882,883,884,885,886,887,888,889,890,891,892
龙穿|0.500|0.328|supporting|main|2|0|1|3|0.50|0.50|51|228,238,406,692,703,704,706,931,951,955,964,1008,1068,1108,1125,1210,1245,1469,1534,1583,1587,1588,1616
毕竟也|0.498|0.336|candidate|staging|2|0|1|3|0.50|0.49|46|85,94,111,128,144,188,199,200,204,220,258,259,281,364,372,418,424,429,485,518,536,538,543,617,636,661,676,708,741,743,782,839,871,897,909,929,942,953,1027,1044,1178,1531,1540,1551,1575,1705
王泽|0.498|0.327|candidate|staging|2|0|1|3|0.50|0.49|61|4,28,331,333,334,341,342,825,826,957,958,959,1113,1115,1116,1117,1118,1125,1162,1256
时叶修|0.497|0.369|candidate|staging|2|0|1|3|0.50|0.49|45|20,77,89,100,156,189,253,270,287,327,355,420,460,513,555,582,643,748,808,843,858,969,1037,1101,1128,1289,1307,1308,1341,1349,1350,1424,1425,1436,1498,1509,1536,1591,1596,1645,1660,1673,1684,1708
齐齐|0.493|0.593|candidate|staging|2|0|0|2|0.33|0.88|106|10,20,21,25,46,60,73,104,105,114,118,120,130,156,163,170,175,197,222,228,229,232,259,276,292,343,348,379,388,394,400,434,473,475,481,494,506,530,551,584,585,638,646,697,778,779,791,802,829,859,889,891,904,906,975,993,1002,1008,1018,1024,1030,1032,1079,1097,1103,1114,1169,1190,1206,1224,1246,1343,1351,1365,1393,1452,1477,1496,1512,1534,1557,1570,1617,1628,1644,1657,1658,1667,1671,1681,1722
叶修当|0.493|0.338|candidate|staging|2|0|0|2|0.33|0.88|42|70,80,123,131,162,175,189,204,209,239,255,291,293,314,324,438,525,545,599,604,639,649,657,761,767,770,785,787,799,861,889,896,963,1020,1042,1177,1474,1509,1592,1687,1715
范围|0.493|0.786|candidate|staging|2|0|0|2|0.33|0.87|274|11,21,27,38,40,69,78,105,109,116,127,128,136,137,138,139,149,154,155,163,178,179,182,189,194,197,213,246,248,251,252,272,277,290,339,341,354,355,369,383,386,394,396,399,400,402,406,425,445,464,466,472,479,493,494,503,504,509,561,563,580,581,599,612,614,615,620,625,631,640,642,643,646,651,691,716,721,722,723,725,727,728,732,734,753,770,772,774,777,778,784,812,818,821,829,834,863,898,917,921,929,930,931,934,943,949,950,954,955,956,959,960,962,964,965,1028,1031,1036,1043,1058,1060,1061,1066,1069,1070,1083,1095,1099,1102,1115,1117,1121,1123,1130,1131,1145,1176,1180,1188,1191,1212,1220,1244,1245,1246,1252,1253,1255,1257,1269,1271,1278,1281,1295,1296,1316,1319,1320,1321,1323,1329,1330,1336,1341,1343,1348,1358,1360,1361,1362,1369,1374,1379,1391,1405,1407,1411,1412,1415,1420,1430,1437,1446,1456,1465,1468,1473,1475,1486,1510,1539,1547,1550,1560,1562,1573,1609,1610,1615,1616,1622,1625,1626,1628,1629,1633,1664,1675,1706,1709,1722,1735,1737
于君莫|0.493|0.356|candidate|staging|2|0|1|3|0.50|0.48|42|10,80,88,97,112,114,193,200,270,279,324,345,350,360,376,434,441,456,557,575,598,746,751,878,906,907,930,959,1135,1400,1503,1506,1558,1624,1664,1704,1713,1717,1727
于唐柔|0.492|0.353|candidate|staging|2|0|1|3|0.50|0.47|42|20,26,49,53,69,75,77,79,123,124,166,176,229,231,289,290,340,723,748,905,913,914,1085,1095,1096,1107,1110,1112,1242,1299,1367,1368,1369,1441,1443,1527,1601
魏琛也|0.490|0.319|candidate|staging|2|0|1|3|0.50|0.47|40|423,426,427,429,449,454,455,515,519,520,522,527,537,546,547,548,550,551,588,603,626,627,633,656,663,674,685,691,743,746,815,1043,1138,1205,1258,1334,1338
孙翔|0.489|0.771|candidate|staging|2|0|0|2|0.33|0.86|736|0,1,2,3,8,28,121,219,220,221,223,238,246,252,273,316,317,325,335,350,360,361,398,399,401,402,403,404,405,406,407,408,409,410,411,420,519,522,529,531,544,550,582,604,607,627,628,629,630,631,632,694,698,699,700,709,742,768,769,789,801,802,803,805,821,822,823,824,825,826,827,834,838,851,852,861,862,880,911,912,922,928,929,930,931,932,933,934,935,938,940,944,947,949,950,951,952,954,955,956,957,958,961,962,963,964,965,966,967,969,977,996,1024,1026,1046,1055,1056,1080,1101,1127,1146,1158,1159,1173,1178,1179,1181,1182,1185,1197,1203,1206,1208,1209,1210,1211,1212,1213,1214,1219,1221,1292,1320,1452,1469,1498,1527,1528,1529,1530,1531,1532,1534,1535,1541,1542,1543,1544,1545,1546,1558,1559,1560,1561,1562,1563,1564,1565,1567,1569,1571,1573,1589,1590,1599,1600,1601,1602,1603,1605,1606,1611,1613,1616,1617,1620,1622,1626,1627,1629,1631,1633,1634,1635,1637,1638,1639,1641,1642,1646,1647,1668,1733,1737
叶修却|0.488|0.691|candidate|staging|2|0|0|2|0.33|0.86|229|4,7,11,20,23,27,30,45,47,63,69,70,77,79,82,85,99,101,124,128,129,136,143,148,156,161,166,170,173,175,176,186,187,188,191,192,195,196,199,202,206,209,210,213,223,225,232,234,241,243,254,256,260,269,288,289,291,294,297,300,301,302,304,308,309,312,315,317,320,321,323,328,331,336,344,345,347,359,365,373,375,391,393,395,399,405,413,419,426,430,431,437,438,440,458,461,469,495,503,511,514,515,517,524,525,528,530,534,541,542,549,551,552,553,575,582,598,601,622,623,625,629,635,641,643,657,667,673,678,679,684,685,704,716,718,729,777,790,792,793,810,814,815,842,845,865,874,972,979,984,990,994,1034,1035,1041,1042,1056,1066,1085,1087,1098,1101,1157,1184,1194,1204,1224,1228,1243,1249,1263,1266,1270,1278,1328,1376,1418,1419,1444,1473,1485,1501,1505,1527,1558,1562,1565,1569,1591,1607,1651,1663,1689,1696,1705,1709,1718,1726,1729,1735
花迷|0.486|0.310|candidate|staging|2|0|1|3|0.50|0.45|47|492,493,494,495,496,503,504,505,506,507,509,861,864
吴羽策|0.486|0.322|candidate|staging|2|0|1|3|0.50|0.45|45|248,249,250,1039,1140,1141,1142,1144,1145,1160,1175,1184,1264,1272,1506,1507
贺武|0.483|0.326|candidate|staging|2|0|1|3|0.50|0.44|42|155,156,586,589,590,591,636,1096,1097,1160,1227,1228,1229,1273,1277
时却|0.479|0.766|candidate|staging|2|0|0|2|0.33|0.83|195|16,18,34,54,69,83,84,86,87,95,98,99,110,111,114,115,116,119,135,136,137,139,142,144,145,150,155,157,162,163,164,165,168,173,174,175,180,185,190,191,192,194,197,202,215,216,220,221,226,231,232,234,244,247,249,259,265,269,271,280,281,283,288,289,291,297,307,314,319,330,348,361,373,398,405,410,419,423,436,441,447,455,489,490,491,492,496,499,525,529,546,561,565,572,581,594,609,612,616,638,639,646,647,664,667,673,684,708,712,724,735,747,748,761,775,781,786,789,794,810,819,825,868,882,885,888,902,916,926,932,934,935,938,954,967,990,992,1118,1151,1177,1234,1237,1269,1272,1280,1296,1308,1322,1349,1361,1404,1421,1424,1430,1442,1445,1459,1463,1477,1481,1492,1498,1499,1517,1519,1520,1534,1539,1562,1605,1607,1613,1644,1646,1653,1654,1657,1666,1727
周泽楷|0.479|0.751|candidate|staging|2|0|0|2|0.33|0.83|578|30,58,210,221,222,223,224,225,226,234,235,237,238,244,245,248,249,252,350,414,419,540,541,542,550,553,554,559,560,562,563,564,565,567,592,593,595,596,627,654,668,717,736,813,814,867,880,887,930,970,977,978,987,990,991,992,994,996,1012,1045,1046,1054,1080,1096,1133,1134,1146,1158,1171,1173,1174,1176,1177,1178,1179,1182,1183,1203,1206,1214,1216,1217,1219,1220,1221,1288,1292,1293,1303,1352,1381,1450,1452,1497,1498,1499,1500,1501,1502,1503,1504,1505,1506,1507,1508,1512,1514,1532,1533,1534,1535,1536,1542,1543,1545,1546,1547,1550,1551,1565,1566,1567,1568,1569,1570,1571,1572,1573,1574,1575,1576,1577,1578,1579,1585,1586,1589,1590,1591,1592,1593,1594,1596,1597,1598,1599,1600,1601,1603,1604,1605,1606,1608,1609,1610,1612,1613,1614,1615,1616,1617,1619,1620,1621,1624,1627,1629,1632,1634,1637,1638,1639,1640,1641,1642,1644
韩文清|0.474|0.756|candidate|staging|2|0|0|2|0.33|0.81|514|1,85,91,96,97,138,141,145,152,153,161,162,163,165,172,219,220,221,222,238,239,247,250,251,252,253,271,283,316,317,320,343,352,358,363,399,504,531,535,549,551,553,652,661,664,668,669,697,714,865,867,868,905,970,975,976,977,987,989,990,991,993,994,996,1022,1024,1030,1032,1034,1035,1036,1037,1062,1077,1086,1088,1089,1090,1092,1093,1095,1099,1160,1166,1171,1172,1173,1175,1176,1178,1180,1184,1185,1223,1225,1226,1262,1381,1397,1398,1404,1409,1413,1414,1415,1416,1417,1418,1419,1420,1421,1422,1423,1424,1426,1427,1428,1429,1430,1431,1432,1433,1434,1439,1440,1441,1442,1445,1447,1450,1451,1452,1453,1454,1455,1456,1464,1469,1471,1473,1474,1475,1476,1477,1478,1479,1480,1482,1483,1484,1485,1487,1489,1490,1491,1494,1497,1499,1506,1507,1540,1562,1589,1645
喻文州|0.465|0.724|candidate|staging|2|0|0|2|0.33|0.78|503|91,92,93,94,95,153,212,239,246,247,248,249,250,251,252,305,352,356,358,362,422,428,429,553,562,563,564,565,567,595,596,650,655,757,758,767,832,868,869,894,920,1005,1006,1007,1008,1009,1071,1132,1147,1148,1151,1165,1174,1175,1176,1177,1178,1179,1230,1231,1232,1234,1260,1261,1301,1306,1307,1309,1310,1311,1312,1320,1324,1325,1326,1327,1328,1329,1330,1332,1333,1334,1335,1336,1337,1338,1340,1341,1343,1344,1346,1347,1348,1349,1350,1351,1352,1354,1357,1358,1359,1367,1376,1377,1379,1380,1381,1382,1384,1385,1387,1388,1389,1390,1391,1394,1395,1396,1397,1400,1401,1403,1404,1417,1420,1421,1423,1432,1435,1436,1452,1540,1558,1589,1592,1600,1601,1602,1627,1645
时钦|0.458|0.680|candidate|staging|2|0|0|2|0.33|0.76|547|246,413,521,548,550,551,604,623,624,625,627,628,629,630,631,632,640,647,648,649,650,653,655,656,658,659,664,668,698,712,732,766,768,769,797,800,801,803,804,805,816,822,823,824,825,826,828,829,861,894,912,913,914,915,916,917,918,919,920,921,922,929,938,940,945,946,947,948,949,951,952,953,954,955,956,957,958,959,960,961,962,963,964,966,969,980,997,999,1000,1002,1006,1009,1020,1022,1039,1084,1087,1096,1116,1132,1133,1148,1149,1150,1151,1152,1153,1154,1155,1172,1175,1182,1183,1196,1227,1275,1395,1476,1506,1558,1592,1601,1645
安排|0.456|0.720|candidate|staging|2|0|0|2|0.33|0.75|147|29,59,69,142,212,236,244,246,247,270,275,291,303,309,313,314,316,344,395,434,449,468,469,470,501,514,532,543,568,574,581,592,593,612,634,640,641,642,678,697,698,700,705,710,712,719,721,731,732,737,746,759,760,768,772,774,776,796,805,806,814,840,845,851,866,871,872,876,882,883,887,890,899,901,912,928,942,983,1018,1019,1051,1054,1056,1057,1115,1130,1131,1163,1172,1173,1177,1184,1186,1203,1208,1218,1220,1235,1239,1242,1250,1263,1264,1266,1284,1290,1294,1300,1330,1344,1346,1360,1364,1392,1398,1418,1470,1471,1493,1521,1553,1558,1567,1590,1648,1659,1672,1687
花战队|0.456|0.466|candidate|staging|2|0|0|2|0.33|0.75|93|121,127,128,217,245,246,495,502,507,596,607,662,664,668,669,670,671,684,711,713,743,833,834,843,860,862,863,864,940,977,978,1057,1059,1060,1071,1072,1073,1074,1077,1078,1079,1113,1126,1139,1148,1163,1174,1193,1197,1256,1265,1266,1279,1280,1288,1291,1303,1345,1497
平静|0.456|0.425|candidate|staging|2|0|0|2|0.33|0.75|91|0,18,43,53,55,67,80,83,92,113,167,231,233,241,254,262,282,302,306,307,308,328,344,351,361,368,385,388,405,408,418,419,448,449,521,529,604,659,669,676,684,720,725,729,736,750,754,776,836,862,876,882,884,976,1021,1042,1071,1100,1124,1147,1149,1171,1249,1268,1291,1326,1353,1384,1422,1440,1444,1481,1490,1504,1512,1645,1662,1720
马踏|0.456|0.299|candidate|staging|2|0|0|2|0.33|0.75|65|280,282,283,284,291,292,607,608,609,610,611,612,613,616,617,618,619,621,622,1017
梁方|0.456|0.338|candidate|staging|1|0|1|2|0.33|0.75|45|43,44,45,49,50,215,1239,1240,1247,1248
方隔海|0.456|0.325|candidate|staging|2|0|0|2|0.33|0.75|42|346,347,399,400,407,408,409,410,569,574,575,583,611,612,613,614,716,838
任务|0.454|0.658|candidate|staging|2|0|0|2|0.33|0.74|216|5,32,39,43,46,66,105,108,122,123,133,167,173,183,184,185,188,191,202,203,206,242,257,259,261,270,273,277,282,287,293,300,301,314,316,318,319,320,322,324,325,340,342,344,369,372,410,413,423,424,431,438,441,454,458,460,503,528,533,534,535,536,537,538,539,540,541,542,543,545,547,548,575,634,635,642,675,676,725,738,760,784,787,796,806,807,813,816,819,820,853,981,1219,1447,1471,1627,1649,1650,1651,1657,1670,1671,1675,1678,1687,1691,1697,1700,1701,1702,1715,1730
陈果也|0.446|0.692|candidate|staging|2|0|0|2|0.33|0.72|153|0,2,9,89,90,102,173,181,188,189,192,198,201,210,223,224,226,227,232,234,239,240,241,242,251,252,253,258,297,301,305,307,308,309,311,312,313,314,318,321,323,328,332,334,336,337,339,340,343,345,349,359,363,365,374,375,377,413,421,422,431,439,441,444,456,457,458,461,469,488,501,508,510,519,524,525,526,532,538,549,579,623,641,676,682,686,689,691,713,738,743,771,785,846,852,910,932,972,975,984,998,1043,1047,1050,1089,1156,1166,1235,1314,1449,1552,1667,1691,1693,1694,1699
安文逸|0.446|0.595|candidate|staging|2|0|0|2|0.33|0.72|254|512,553,673,677,678,679,680,685,686,687,716,717,738,764,770,772,775,779,794,878,882,889,896,905,911,912,964,965,1071,1088,1111,1130,1142,1151,1152,1153,1155,1167,1197,1198,1200,1202,1219,1220,1221,1222,1226,1227,1228,1229,1248,1285,1290,1296,1330,1338,1339,1340,1342,1376,1377,1382,1425,1426,1427,1428,1443,1446,1447,1478,1486,1487,1527,1542,1543,1544,1545,1548,1550,1555,1596,1599,1602,1603,1604,1605,1606,1608,1609,1612
雷霆|0.443|0.596|candidate|staging|2|0|0|2|0.33|0.71|211|245,246,316,318,389,394,406,413,521,548,550,590,604,624,626,627,867,869,922,946,947,948,949,952,960,973,997,1000,1002,1006,1028,1039,1042,1046,1053,1056,1071,1072,1081,1084,1096,1103,1113,1116,1119,1126,1127,1132,1134,1139,1146,1147,1148,1149,1150,1151,1152,1153,1154,1155,1158,1159,1185,1196,1197,1218,1222,1227,1262,1264,1265,1266,1267,1272,1273,1274,1275,1277,1280,1285,1298,1299,1344,1506
于锋|0.436|0.649|candidate|staging|2|0|0|2|0.33|0.68|233|302,303,352,561,592,593,670,671,672,681,711,713,742,837,838,860,861,862,863,864,865,868,883,1042,1059,1060,1061,1065,1066,1067,1068,1069,1070,1071,1072,1073,1074,1076,1079,1081,1083,1085,1087,1126,1162,1172,1177,1182,1183,1260,1261,1279,1280,1291,1292,1293,1298,1302,1303,1320,1339,1345,1387,1389,1496,1506
于叶修|0.435|0.652|candidate|staging|2|0|0|2|0.33|0.68|120|20,24,26,69,77,89,123,143,146,155,160,170,195,201,202,208,211,213,227,241,242,268,293,298,299,316,327,330,332,357,372,401,419,423,437,443,452,460,478,487,495,501,503,515,530,555,562,567,623,638,659,664,674,679,685,686,717,756,761,777,798,820,822,844,858,869,880,893,929,931,946,968,970,972,977,983,985,995,999,1012,1013,1014,1030,1045,1057,1092,1101,1184,1234,1299,1436,1441,1450,1457,1478,1479,1484,1492,1505,1562,1598,1639,1643,1644,1645,1660,1712,1726
赵禹哲|0.427|0.653|candidate|staging|2|0|0|2|0.33|0.65|246|607,608,609,610,611,612,613,614,615,616,617,618,619,620,621,622,623,663,681,836,837,838,922,978,988,1023,1025,1026,1027,1028,1029,1038,1188,1189,1193,1194,1195,1281,1282,1283,1284,1291
周末进行|0.425|0.099|candidate|staging|2|0|1|3|0.50|0.25|1|1158
叶修|0.419|0.914|candidate|staging|1|0|0|1|0.17|1.00|12648|0,1,2,3,4,5,6,7,8,9,10,11,12,13,14,16,17,18,19,20,21,22,23,24,25,26,27,28,29,30,31,32,33,34,35,36,39,40,41,43,44,45,46,47,48,49,50,51,52,53,54,55,56,57,58,59,61,62,63,64,66,67,68,69,70,71,74,75,76,77,78,79,80,82,83,84,85,86,87,88,89,90,94,95,96,97,98,99,100,101,102,103,104,105,108,110,112,113,114,115,116,117,118,119,120,121,122,123,124,125,126,127,128,129,130,131,132,133,134,135,136,137,139,140,141,142,143,144,146,147,148,149,150,151,153,154,155,156,157,158,159,160,161,162,163,164,165,166,167,168,170,171,172,173,174,175,176,177,179,181,182,183,185,186,187,188,189,190,191,192,193,194,195,196,197,198,199,200,201,202,203,204,205,206,207,208,209,210,211,212,213,214,217,220,222,223,224,225,226,227,230,231,232,233,234,235,236,237,239,240,241,242,243,244,245,247,252,253,254,255,256,257,258,259,260,261,263,264,265,266,267,268,269,270,271,272,276,277,278,279,280,281,284,285,286,287,288,289,290,291,292,293,294,295,297,298,299,300,301,302,303,304,305,306,307,308,309,310,311,312,313,314,315,316,317,318,319,320,321,322,323,324,325,326,327,328,329,330,331,332,333,334,335,336,337,340,342,343,344,345,346,347,349,350,351,352,353,354,355,356,357,358,359,361,362,363,364,365,366,367,368,369,370,371,372,373,374,375,376,377,378,379,380,384,385,386,387,388,389,390,391,392,393,394,395,397,398,399,400,401,402,403,404,405,406,408,409,410,411,412,413,414,416,417,418,419,420,421,422,423,424,425,426,427,428,429,430,431,432,433,434,435,436,437,438,439,440,441,443,444,445,446,447,449,450,451,452,453,454,455,456,457,458,459,460,461,462,463,464,465,469,470,471,472,474,478,479,484,487,488,489,490,491,495,496,498,501,502,503,507,508,509,510,511,512,513,514,515,516,517,518,519,520,521,522,523,524,525,526,527,528,529,530,532,533,534,535,536,537,538,539,540,541,542,543,544,545,546,547,548,549,550,551,552,553,554,555,556,557,558,559,561,562,563,564,567,568,569,570,571,573,574,575,576,577,578,579,580,581,582,583,584,585,586,587,588,589,595,597,598,599,600,601,602,603,604,605,606,608,609,610,611,613,614,616,617,618,619,621,622,623,625,626,629,630,631,632,633,634,635,637,638,639,641,642,643,644,645,646,647,648,649,650,653,654,655,656,657,658,659,660,661,662,663,664,665,666,667,668,669,670,672,673,674,675,676,677,678,679,680,681,682,683,684,685,686,687,689,691,693,695,696,702,703,704,705,706,712,713,714,715,716,717,718,719,720,723,724,725,726,727,729,732,737,738,739,740,741,743,744,745,746,748,750,751,754,755,756,758,759,760,761,762,764,766,767,769,770,771,772,773,774,775,776,777,778,779,780,781,782,783,784,785,786,787,788,789,790,791,792,793,794,795,796,797,798,799,800,802,803,806,808,809,810,811,812,813,814,815,816,817,818,819,820,821,822,823,824,825,826,827,828,829,830,831,832,833,834,835,836,837,838,839,840,841,842,843,844,845,846,847,848,849,850,851,852,853,854,855,856,857,858,860,861,862,864,865,866,868,869,870,871,872,873,874,875,876,877,878,879,880,881,882,883,884,885,887,888,889,890,891,893,894,895,896,897,898,899,901,902,903,905,906,907,908,909,910,911,912,913,915,918,921,922,923,924,925,926,927,928,929,930,931,932,933,934,935,936,937,938,940,941,942,943,944,946,947,948,949,950,951,952,953,954,955,958,959,960,961,962,963,964,966,967,968,969,970,971,972,973,974,975,976,977,979,980,981,982,983,984,985,986,990,991,992,993,994,995,996,998,999,1000,1002,1003,1004,1005,1006,1008,1009,1010,1011,1012,1013,1014,1015,1016,1017,1018,1019,1020,1021,1022,1023,1024,1025,1027,1028,1029,1030,1031,1032,1033,1034,1035,1036,1037,1038,1039,1040,1041,1042,1043,1044,1045,1046,1047,1048,1049,1050,1051,1052,1053,1054,1055,1056,1057,1059,1061,1065,1066,1068,1071,1072,1073,1074,1075,1076,1077,1078,1079,1080,1081,1082,1083,1084,1085,1086,1087,1088,1089,1091,1092,1093,1094,1095,1097,1098,1099,1100,1101,1102,1103,1105,1109,1110,1111,1112,1113,1114,1115,1117,1118,1119,1121,1122,1123,1124,1127,1128,1129,1130,1131,1133,1134,1135,1137,1138,1139,1140,1141,1145,1147,1148,1149,1150,1151,1152,1153,1154,1155,1156,1157,1158,1159,1160,1161,1162,1163,1164,1165,1166,1167,1171,1172,1173,1174,1176,1177,1178,1179,1180,1181,1182,1183,1184,1185,1186,1187,1188,1193,1194,1195,1196,1198,1199,1200,1201,1202,1203,1204,1205,1208,1209,1210,1211,1212,1213,1214,1216,1219,1220,1221,1222,1223,1224,1225,1226,1227,1228,1229,1230,1231,1232,1234,1235,1236,1237,1239,1240,1241,1242,1243,1244,1246,1247,1248,1249,1250,1251,1252,1254,1255,1256,1257,1258,1259,1260,1262,1263,1264,1266,1267,1268,1270,1272,1273,1275,1276,1277,1278,1279,1280,1281,1284,1286,1287,1288,1289,1290,1293,1294,1295,1296,1297,1298,1299,1300,1303,1304,1305,1306,1307,1308,1309,1310,1311,1312,1313,1314,1315,1316,1317,1321,1324,1326,1327,1328,1329,1330,1331,1332,1337,1338,1339,1340,1341,1342,1343,1344,1346,1347,1348,1349,1350,1351,1352,1353,1354,1355,1357,1358,1359,1361,1362,1363,1364,1367,1369,1371,1376,1377,1378,1379,1380,1381,1382,1383,1384,1385,1386,1387,1388,1390,1391,1392,1393,1394,1396,1397,1398,1399,1400,1401,1402,1403,1404,1405,1406,1409,1410,1411,1414,1416,1417,1418,1419,1420,1421,1423,1424,1425,1426,1427,1428,1429,1430,1431,1432,1433,1434,1435,1436,1437,1438,1440,1441,1442,1443,1444,1445,1446,1447,1448,1449,1450,1451,1452,1453,1454,1455,1456,1457,1458,1461,1462,1469,1471,1473,1474,1475,1476,1477,1478,1479,1480,1481,1482,1483,1484,1485,1486,1487,1488,1489,1490,1492,1493,1494,1496,1497,1498,1499,1500,1501,1502,1503,1504,1505,1506,1507,1508,1509,1510,1512,1513,1514,1515,1516,1523,1525,1526,1527,1528,1532,1533,1534,1535,1536,1537,1539,1540,1541,1542,1543,1544,1545,1546,1547,1548,1549,1550,1551,1552,1553,1554,1555,1556,1557,1558,1559,1560,1561,1562,1563,1564,1565,1566,1567,1569,1570,1571,1573,1577,1578,1591,1592,1593,1594,1595,1596,1597,1598,1599,1600,1601,1602,1603,1606,1607,1608,1609,1610,1612,1613,1614,1615,1616,1617,1618,1619,1620,1622,1623,1624,1625,1626,1627,1628,1629,1630,1631,1632,1633,1634,1635,1636,1637,1638,1639,1640,1641,1642,1643,1644,1645,1648,1649,1650,1651,1652,1653,1654,1655,1656,1657,1658,1659,1660,1661,1662,1663,1664,1665,1666,1667,1668,1669,1670,1671,1672,1673,1674,1675,1676,1677,1678,1679,1680,1682,1683,1684,1686,1687,1688,1689,1690,1691,1692,1693,1694,1695,1696,1697,1698,1699,1700,1701,1702,1703,1705,1706,1707,1708,1709,1710,1711,1712,1713,1714,1715,1716,1717,1718,1719,1720,1722,1724,1725,1726,1727,1728,1729,1730,1731,1732,1733,1734,1735,1737
陈果|0.419|0.842|candidate|staging|1|0|0|1|0.17|1.00|3608|0,2,3,4,9,19,24,28,29,34,43,44,47,53,68,71,75,76,88,89,90,94,99,102,103,140,142,147,157,158,160,166,173,174,175,176,177,178,180,181,183,185,186,187,188,189,191,192,194,195,198,199,200,201,205,208,209,210,211,212,213,214,220,221,222,223,224,225,226,227,228,229,230,231,232,233,234,235,239,240,241,242,243,244,246,251,252,253,254,256,257,258,260,261,265,266,268,269,272,293,294,297,299,300,301,302,303,304,305,306,307,308,309,310,311,312,313,314,315,316,317,318,319,320,321,322,323,324,326,327,328,329,330,331,332,334,335,336,337,338,339,340,341,342,343,344,345,349,358,359,361,362,363,364,365,366,367,368,369,370,371,372,373,374,375,376,377,385,386,390,391,398,401,402,410,411,412,413,414,416,417,418,419,420,421,422,423,424,425,426,429,430,431,438,439,440,441,443,444,445,452,453,454,456,457,458,459,460,461,462,469,488,490,495,501,502,503,508,509,510,511,512,513,514,515,516,517,518,519,520,521,522,523,524,525,526,527,528,529,530,532,534,535,536,537,538,539,546,547,548,549,551,552,553,554,555,558,579,580,581,588,591,597,598,600,605,623,629,631,632,634,635,641,647,648,649,658,659,660,661,665,668,670,672,673,674,675,676,677,678,680,681,682,683,684,685,686,687,688,689,690,691,692,693,696,697,700,702,703,704,711,712,713,714,715,716,717,718,719,725,737,738,739,740,741,743,745,746,748,750,756,758,762,764,770,771,772,775,776,778,779,781,783,784,785,787,788,789,791,794,795,796,797,798,799,800,802,806,815,816,820,830,832,833,835,836,837,838,839,843,844,845,846,847,848,849,851,852,858,859,870,871,876,877,878,879,880,881,882,883,893,894,895,897,899,901,903,905,906,908,909,910,911,914,921,928,932,942,948,967,971,972,973,975,976,981,982,983,984,985,986,990,991,992,994,995,998,1004,1010,1041,1043,1044,1045,1047,1048,1050,1051,1055,1066,1071,1080,1081,1084,1087,1088,1089,1094,1095,1096,1101,1109,1111,1112,1113,1115,1133,1156,1157,1166,1185,1187,1188,1193,1198,1199,1200,1201,1202,1205,1212,1214,1216,1222,1223,1235,1241,1243,1250,1254,1257,1258,1259,1262,1266,1272,1276,1277,1283,1287,1288,1290,1293,1299,1300,1301,1303,1304,1306,1314,1315,1319,1346,1355,1363,1364,1367,1369,1371,1397,1410,1433,1436,1437,1440,1441,1448,1449,1450,1492,1504,1513,1515,1526,1527,1528,1552,1553,1554,1556,1581,1595,1641,1642,1644,1647,1648,1649,1650,1651,1654,1655,1666,1667,1668,1669,1670,1671,1672,1673,1674,1675,1690,1691,1692,1693,1694,1695,1696,1697,1698,1699,1700,1701,1702,1712,1714,1715,1731,1732,1733,1734,1735,1737
唐柔|0.419|0.865|candidate|staging|1|0|0|1|0.17|1.00|2186|2,3,4,5,6,7,8,9,10,11,12,13,14,16,19,20,21,22,23,26,28,29,30,31,32,33,34,35,36,39,40,48,49,50,51,52,53,54,55,57,61,62,64,67,68,69,70,71,75,76,77,78,79,83,85,86,88,89,90,94,95,97,98,99,100,102,103,105,116,118,119,120,121,123,124,125,126,127,128,131,134,135,136,137,139,140,142,146,147,148,149,154,158,160,166,167,170,171,173,175,176,177,178,179,180,181,183,185,189,191,192,194,195,196,198,199,200,201,202,203,204,205,206,209,210,212,214,220,222,223,224,226,227,228,229,230,231,232,233,234,235,238,239,240,241,242,243,244,252,253,254,256,266,268,278,279,280,281,286,287,288,289,290,291,292,293,294,297,300,306,308,309,310,314,315,321,322,326,330,336,337,340,361,363,364,376,402,409,410,411,424,430,431,439,440,511,513,514,515,517,518,519,521,522,523,524,526,527,532,533,534,536,546,547,549,550,552,554,555,557,558,562,563,569,571,572,577,578,579,591,597,598,599,600,601,602,603,605,620,622,630,631,641,642,649,659,672,675,676,679,686,687,691,693,701,702,703,704,716,717,719,723,724,725,738,740,743,747,748,750,758,762,764,770,771,773,777,779,780,782,784,787,788,790,791,795,798,811,816,845,846,847,848,849,851,852,855,858,860,861,865,866,876,877,878,881,889,894,905,907,911,912,913,914,915,929,932,941,950,955,957,958,959,971,975,976,979,994,995,1000,1020,1022,1024,1025,1029,1033,1046,1048,1050,1052,1067,1068,1069,1070,1071,1079,1080,1081,1082,1083,1084,1085,1086,1087,1088,1090,1094,1095,1096,1097,1100,1101,1106,1107,1108,1109,1110,1111,1112,1113,1124,1125,1127,1129,1131,1133,1142,1145,1156,1160,1191,1208,1214,1215,1216,1217,1221,1222,1225,1226,1228,1235,1240,1241,1242,1243,1246,1254,1255,1256,1258,1259,1272,1284,1287,1299,1304,1305,1314,1360,1367,1368,1369,1370,1371,1373,1397,1410,1418,1426,1429,1430,1431,1441,1442,1443,1447,1448,1449,1450,1468,1469,1470,1471,1472,1473,1474,1479,1480,1481,1485,1490,1521,1522,1527,1528,1553,1555,1570,1581,1582,1583,1584,1585,1586,1587,1588,1589,1590,1591,1595,1596,1601,1602,1608,1610,1612,1614,1615,1616,1617,1620,1621,1627,1630,1631,1632,1644,1667,1691,1692,1693,1694,1695,1696,1697,1698,1699,1700,1701,1702,1715,1716,1730,1731,1732
方也|0.419|0.349|candidate|staging|1|0|0|1|0.17|1.00|46|17,44,49,52,74,80,81,96,131,207,219,331,334,356,378,386,387,394,401,405,424,451,455,506,518,547,556,611,631,652,836,1078,1114,1168,1205,1294,1364,1377,1405,1462,1474,1490,1507,1618,1703
李轩|0.418|0.612|candidate|staging|2|0|0|2|0.33|0.63|102|56,214,215,216,217,248,630,631,647,844,868,978,1020,1021,1139,1140,1141,1142,1143,1144,1145,1174,1264,1267,1268,1272,1496,1543,1596,1600,1605,1610,1611,1619
唐柔也|0.418|0.508|candidate|staging|2|0|0|2|0.33|0.63|80|9,11,31,34,68,70,79,88,99,137,140,171,176,177,178,189,199,201,204,222,231,233,239,240,243,288,290,291,293,294,306,308,314,326,330,337,361,439,522,526,527,533,534,630,679,847,861,878,890,950,956,1125,1225,1228,1314,1430,1448,1468,1473,1474,1555,1587,1588,1616,1620,1621,1626,1627,1692,1694,1698,1715
时机|0.416|0.564|candidate|staging|2|0|0|2|0.33|0.62|90|21,35,98,136,149,264,275,332,355,356,368,389,416,425,443,465,472,475,507,512,564,580,695,699,733,769,772,773,788,855,897,914,915,920,926,935,965,985,989,1066,1074,1076,1095,1096,1120,1154,1182,1189,1210,1211,1220,1222,1228,1250,1265,1269,1278,1283,1311,1313,1319,1320,1339,1368,1389,1462,1467,1473,1475,1476,1502,1508,1510,1528,1547,1558,1559,1562,1586,1602,1636,1660,1664
尤其是|0.416|0.559|candidate|staging|2|0|0|2|0.33|0.62|89|6,25,39,51,56,59,76,84,93,110,132,139,152,191,201,215,222,255,263,269,275,282,312,326,330,332,334,351,356,359,372,406,412,443,458,461,474,480,493,536,565,575,600,602,603,604,621,629,635,655,664,687,696,739,749,750,752,842,843,883,951,968,972,973,985,994,1064,1095,1116,1164,1300,1330,1336,1342,1434,1460,1475,1490,1519,1523,1546,1593,1733
平时|0.412|0.561|candidate|staging|2|0|0|2|0.33|0.60|84|2,28,75,97,140,141,158,179,227,247,253,284,301,311,321,337,342,348,351,433,477,515,524,558,565,573,574,577,580,594,605,608,621,628,633,639,650,656,662,677,679,680,685,688,691,700,702,703,725,736,796,846,872,875,878,881,973,982,1019,1020,1067,1111,1214,1232,1304,1306,1350,1351,1457,1483,1529,1583,1638,1648,1663,1694,1711,1721
吕泊|0.411|0.512|candidate|staging|2|0|0|2|0.33|0.60|126|559,560,562,564,592,594,672,833,990,991,1054,1158,1173,1206,1207,1208,1221,1274,1290,1494,1517,1518,1519,1520,1525,1534,1536,1537,1538,1539,1547,1548,1549,1551,1578,1579,1580,1581,1582,1589,1590
陈果却|0.408|0.461|candidate|staging|2|0|0|2|0.33|0.59|83|2,94,102,140,157,166,173,175,188,189,195,198,199,200,205,209,210,213,220,224,240,243,244,253,254,260,268,293,294,297,300,308,312,313,316,320,328,332,337,338,339,343,375,420,440,516,524,527,528,552,558,634,674,688,697,738,740,743,771,871,878,883,967,984,1201,1436,1673,1690,1693
诸葛亮|0.406|0.604|candidate|staging|2|0|1|3|0.50|0.19|4|52,144,836,1081
秦牧云|0.405|0.651|candidate|staging|2|0|0|2|0.33|0.58|116|986,987,989,991,993,1094,1095,1171,1226,1279,1398,1399,1400,1401,1402,1405,1418,1421,1422,1423,1424,1437,1438,1439,1464,1465,1466,1475,1488,1490,1499
叶修所|0.404|0.359|candidate|staging|2|0|0|2|0.33|0.58|74|2,12,105,117,124,131,136,146,155,167,209,290,302,305,314,355,387,419,431,437,438,439,444,523,524,549,552,581,646,648,659,664,684,685,810,881,884,885,912,933,948,974,982,1032,1041,1046,1049,1135,1186,1224,1235,1254,1263,1264,1304,1421,1440,1454,1457,1479,1490,1510,1534,1544,1593,1594,1634,1640,1700,1734
云秀|0.404|0.542|candidate|staging|2|0|0|2|0.33|0.58|111|169,211,212,249,250,251,350,553,836,837,868,978,1006,1028,1029,1031,1127,1130,1166,1172,1173,1179,1182,1262,1263,1265,1301,1496,1506,1578,1589,1600,1645,1733
何安|0.404|0.393|candidate|staging|2|0|0|2|0.33|0.58|124|520,718,720,721,722,724,725,726,727,728,729,733,734,748,750,752,753,754,755,759,760,762,764
花掌|0.402|0.501|candidate|staging|2|0|0|2|0.33|0.57|80|6,7,11,21,27,48,60,77,78,95,104,117,119,128,138,178,179,181,289,290,326,332,367,370,397,400,401,408,421,456,621,657,701,727,782,821,925,935,959,1073,1092,1125,1228,1248,1330,1483,1560,1562,1563,1587,1629,1633,1640,1681,1703,1720
曹广诚|0.401|0.487|candidate|staging|2|0|0|2|0.33|0.57|123|736,738,741,756,758,796,872,873,874,875,879,892,909,910,982,983,986
常规赛|0.400|0.327|candidate|staging|2|0|0|2|0.33|0.56|73|330,348,431,516,529,530,548,559,565,595,603,607,893,970,972,978,987,988,992,995,1055,1146,1203,1223,1232,1235,1251,1256,1262,1273,1277,1285,1293,1294,1298,1302,1304,1306,1307,1308,1311,1326,1334,1345,1355,1357,1368,1381,1386,1396,1426,1433,1452,1493,1495,1552,1554,1581,1643
水准|0.399|0.351|candidate|staging|2|0|0|2|0.33|0.56|68|10,16,36,68,129,135,152,205,237,305,347,359,506,520,553,655,697,703,725,733,771,792,814,822,824,826,843,878,887,899,908,922,930,943,948,979,1023,1032,1035,1047,1096,1104,1172,1212,1214,1240,1241,1285,1322,1331,1357,1359,1365,1418,1435,1468,1531,1579,1588,1609,1611,1615,1627,1728
叶修已|0.396|0.366|candidate|staging|2|0|0|2|0.33|0.55|65|61,87,125,173,187,241,257,286,287,289,290,332,410,439,458,502,510,541,578,601,648,662,725,748,764,791,849,921,931,942,982,1004,1032,1162,1173,1249,1277,1278,1296,1346,1348,1354,1401,1414,1417,1446,1448,1489,1490,1499,1540,1559,1562,1628,1640,1662,1671,1672,1678,1694
叶修只|0.391|0.427|candidate|staging|2|0|0|2|0.33|0.53|59|6,22,31,70,124,127,167,177,188,191,299,301,304,316,322,327,329,364,385,421,440,511,516,519,524,549,718,762,793,828,844,850,870,898,925,980,985,1012,1040,1045,1185,1211,1287,1344,1369,1479,1560,1563,1615,1648,1657,1677,1696,1731
时刻|0.387|0.343|candidate|staging|2|0|0|2|0.33|0.52|54|26,171,273,293,315,357,374,387,433,465,473,512,519,606,638,666,673,689,739,774,816,817,928,935,951,960,962,964,968,974,1013,1145,1151,1165,1180,1198,1255,1276,1278,1290,1302,1309,1363,1387,1473,1523,1543,1597,1632,1652,1659
时突然|0.386|0.349|candidate|staging|2|0|0|2|0.33|0.52|53|46,59,80,130,175,240,282,338,358,378,401,453,563,620,630,638,818,821,868,882,898,902,927,932,963,991,992,1006,1037,1075,1093,1115,1127,1143,1179,1182,1192,1206,1236,1263,1268,1383,1439,1463,1560,1601,1603,1685,1710,1721,1735
平衡|0.385|0.336|candidate|staging|2|0|0|2|0.33|0.51|54|65,158,176,184,304,305,578,638,653,654,701,753,799,865,885,890,1006,1009,1017,1103,1106,1130,1144,1168,1172,1179,1218,1229,1246,1283,1285,1308,1321,1366,1401,1426,1446,1483,1484,1510,1539,1542,1544,1546,1547,1558
方案|0.383|0.336|candidate|staging|1|0|1|2|0.33|0.51|53|64,118,258,263,282,332,442,468,519,535,539,574,583,598,617,622,633,634,635,642,646,679,680,745,808,836,920,924,1006,1014,1026,1031,1038,1047,1067,1255,1275,1357,1393,1549,1594,1651,1716
华丽|0.381|0.357|candidate|staging|2|0|0|2|0.33|0.50|48|22,38,89,140,163,211,212,225,230,375,413,455,496,535,599,712,731,789,857,870,920,941,962,972,990,997,1004,1046,1075,1086,1090,1097,1148,1177,1262,1299,1333,1500,1504,1543,1551,1602,1627,1658,1663,1683
陈果点|0.381|0.339|candidate|staging|2|0|0|2|0.33|0.50|41|2,102,200,201,269,300,301,305,307,308,311,312,327,331,335,339,340,343,418,518,524,532,682,683,688,691,797,908,942,982,983,1199,1303,1433,1552,1647,1672,1700
卫星射|0.381|0.355|candidate|staging|2|0|0|2|0.33|0.50|38|251,252,332,378,426,456,487,657,773,776,818,950,1000,1025,1031,1074,1143,1229,1249,1333,1343,1373,1431,1483,1520,1546
吴霜钩|0.381|0.301|candidate|staging|2|0|0|2|0.33|0.50|65|1169,1170,1214,1215,1524,1525,1526,1537,1538,1539,1583,1584,1585,1617,1619,1620,1622,1623,1624,1625
时再|0.380|0.354|candidate|staging|2|0|0|2|0.33|0.50|47|16,145,164,171,205,221,241,351,432,444,447,494,515,545,614,654,662,679,692,716,806,821,822,869,879,1183,1228,1263,1294,1313,1356,1379,1383,1415,1445,1454,1458,1560,1562,1636,1644,1653,1661,1717,1720
陈果又|0.376|0.329|candidate|staging|2|0|0|2|0.33|0.48|44|28,103,188,192,198,253,293,297,302,305,316,317,319,322,331,340,345,359,412,457,461,488,510,511,515,518,527,529,683,690,717,783,788,852,878,976,985,995,1433,1553,1668,1692
时只|0.375|0.357|candidate|staging|2|0|0|2|0.33|0.48|42|53,55,162,177,192,198,241,278,282,291,319,333,372,396,405,456,462,483,488,501,546,595,659,680,853,881,1051,1066,1095,1208,1231,1281,1328,1396,1440,1477,1501,1541,1621,1664,1697,1711
李睿|0.374|0.423|candidate|staging|2|0|0|2|0.33|0.48|59|699,700,701,702,703,705,706,708,709,710
武器|0.373|0.799|candidate|staging|1|0|0|1|0.17|0.85|293|6,9,14,15,16,18,19,20,32,34,39,44,45,46,50,51,57,62,63,67,87,92,93,107,109,113,134,145,147,148,151,152,153,180,183,189,203,230,278,281,322,324,325,328,346,347,354,356,369,376,377,385,391,392,393,410,420,426,427,437,440,455,456,458,459,462,463,464,465,467,567,577,580,621,626,636,648,658,659,666,702,727,739,742,752,757,773,776,781,783,784,786,788,794,812,822,840,853,855,870,906,922,923,928,929,930,935,941,955,1022,1028,1060,1075,1099,1102,1106,1135,1136,1143,1144,1148,1151,1156,1170,1179,1185,1204,1215,1216,1220,1225,1228,1257,1289,1295,1297,1310,1322,1352,1353,1356,1454,1455,1457,1458,1459,1462,1463,1479,1482,1483,1485,1500,1507,1516,1517,1520,1525,1529,1545,1548,1559,1560,1562,1580,1584,1588,1595,1607,1616,1631,1637,1640,1651,1655,1657,1660,1663,1665,1678,1679,1680,1693,1694,1696,1697,1716,1719,1720,1721,1722,1727,1731
冯宪君|0.372|0.311|candidate|staging|2|0|0|2|0.33|0.47|53|595,851,866,867,868,869,870,873,874,875,876,877,968,1643,1644
叶修最|0.371|0.354|candidate|staging|2|0|0|2|0.33|0.47|39|54,57,103,195,266,305,313,322,503,511,522,539,541,557,661,782,784,865,874,882,937,990,1153,1193,1295,1315,1352,1355,1358,1436,1443,1563,1591,1643,1644,1676,1680,1726,1730
于普通|0.371|0.342|candidate|staging|2|0|0|2|0.33|0.47|40|26,34,57,99,175,185,232,266,321,327,377,437,460,469,508,614,615,701,703,770,783,784,798,830,870,895,921,1012,1019,1040,1406,1507,1524,1587,1692,1705
马甲|0.370|0.318|candidate|staging|1|0|1|2|0.33|0.46|40|136,170,366,411,483,484,600,603,605,609,610,612,650,664,673,686,694,700,708,785,789,813,816,820,831,834,857,861,999,1006,1008,1009,1015,1016,1017
王牌|0.369|0.313|candidate|staging|2|0|0|2|0.33|0.46|41|333,360,494,548,551,562,563,565,603,607,660,662,667,695,714,734,757,771,856,897,940,950,952,954,957,978,979,996,1312,1368
张家兴|0.369|0.307|candidate|staging|2|0|0|2|0.33|0.46|45|404,405,824,825,826,828,829,947,948,950,951,952,953,956,957,958,969,997,1000,1150
时此刻|0.368|0.327|candidate|staging|2|0|0|2|0.33|0.46|37|85,92,97,113,166,187,243,255,313,363,371,372,399,421,427,437,558,567,592,661,666,770,821,835,856,862,869,905,934,958,967,1238,1272,1373,1455,1460
雷霆战队|0.368|0.323|candidate|staging|2|0|0|2|0.33|0.46|39|245,246,316,318,548,550,624,627,922,946,948,949,1053,1087,1097,1113,1126,1134,1147,1149,1150,1151,1152,1154,1158,1159,1196,1275,1299,1526
张伟|0.367|0.330|candidate|staging|2|0|0|2|0.33|0.45|47|1058,1059,1071,1076,1077,1078,1079,1081,1082,1279,1290
伍频|0.366|0.355|candidate|staging|2|0|0|2|0.33|0.45|37|46,156,286,287,290,365,372,373,380,405,463,605,614,641,825,826,1022,1030,1144,1151,1297,1327,1425,1533,1541,1678,1710,1714,1719,1721,1723
李华|0.364|0.305|candidate|staging|1|0|1|2|0.33|0.44|42|246,1007,1028,1031,1032,1046,1127,1130,1131,1132,1172,1174,1263,1265,1529
龙流星|0.359|0.314|candidate|staging|2|0|0|2|0.33|0.43|38|1070,1370,1469,1583,1584,1588,1621,1626,1637
叶之秋|0.353|0.728|candidate|staging|1|0|0|1|0.17|0.78|345|0,1,2,8,33,146,160,210,220,238,246,329,340,350,377,409,544,633,642,647,670,702,709,713,789,802,831,871,912,922,929,930,931,932,933,934,935,937,948,950,951,954,955,956,958,959,960,961,962,963,964,965,967,977,979,996,999,1043,1052,1056,1062,1096,1116,1146,1159,1176,1177,1178,1179,1182,1209,1210,1211,1214,1220,1221,1352,1355,1397,1445,1452,1461,1504,1527,1528,1529,1530,1531,1534,1535,1536,1541,1542,1545,1546,1548,1550,1554,1558,1559,1560,1561,1562,1563,1564,1570,1573,1595,1598,1601,1605,1606,1608,1610,1611,1616,1618,1624,1625,1626,1627,1631,1632,1633,1634,1635,1636,1637,1638,1639,1646,1647,1651,1661,1667,1672,1690,1698,1699,1737
武帅|0.343|0.098|candidate|staging|1|0|1|2|0.33|0.38|1|1229
叶修还|0.307|0.517|candidate|staging|1|0|0|1|0.17|0.63|93|2,25,51,56,120,149,157,174,201,203,236,254,272,286,306,312,315,319,344,346,365,378,409,423,428,451,461,510,522,523,525,527,549,558,663,665,683,717,770,782,791,802,873,878,883,896,926,927,929,938,968,1013,1014,1029,1043,1114,1155,1161,1171,1177,1219,1243,1308,1347,1377,1400,1404,1434,1435,1448,1453,1479,1533,1547,1563,1571,1591,1592,1593,1608,1638,1686,1688,1700,1711,1714,1726,1727
张简|0.306|0.105|candidate|staging|1|0|1|2|0.33|0.25|1|896
周光义|0.266|0.328|archived|archive|1|0|0|1|0.17|0.49|62|1061,1062,1063,1064,1065,1066,1073,1074,1075,1076,1077,1078,1082,1280,1290,1345
官方|0.263|0.324|archived|archive|1|0|0|1|0.17|0.48|45|3,185,189,208,222,324,325,346,380,385,431,464,513,596,660,668,681,682,695,697,711,712,757,768,769,770,832,844,893,1040,1080,1162,1197,1256,1286,1728
方位|0.255|0.350|archived|archive|1|0|0|1|0.17|0.45|36|38,41,186,267,275,296,319,337,355,397,399,466,725,734,905,916,927,947,1116,1117,1138,1151,1316,1332,1353,1358,1362,1365,1369,1401,1438,1501,1524,1544,1704,1722
于其|0.255|0.092|archived|archive|1|0|1|2|0.33|0.08|1|1521
汤兴|0.249|0.351|archived|archive|1|0|0|1|0.17|0.43|42|886,887,888,889,890
武川|0.157|0.193|archived|archive|1|0|0|1|0.17|0.13|2|1118
严格|0.143|0.100|archived|archive|1|0|0|1|0.17|0.08|1|1133
[分层统计] core=0 supporting=76 candidate=84 archived=7
[分流统计] main=76 staging=84 archive=7

=== LOCATION (277条) ===
实体|重要性|置信度|分层|分流|因果|唯一|转折|storyScore|storyValue|呈现价值|提及|章节
烟雨楼|0.531|0.618|supporting|main|2|0|0|2|0.33|1.00|80|164,165,168,169,170,171,191,197,205,206,207,208,272,280,281,282,285,286,287,292,293,294,336,441,442,444,447,448,449,455,503,606,608,613,650,864,1018,1719
顶尖舞台|0.531|0.093|candidate|staging|1|0|1|2|0.33|1.00|1|242
砸叶修门|0.531|0.091|candidate|staging|1|0|1|2|0.33|1.00|1|1691
朝峡谷|0.493|0.091|candidate|staging|1|0|1|2|0.33|0.88|1|143
打破周泽|0.493|0.092|candidate|staging|1|0|1|2|0.33|0.88|1|1506
夺取欧洲|0.493|0.100|candidate|staging|1|0|1|2|0.33|0.88|1|603
连忙观|0.493|0.096|candidate|staging|1|0|1|2|0.33|0.88|1|1325
认真关|0.493|0.092|candidate|staging|1|0|1|2|0.33|0.88|1|232
斩影城|0.493|0.095|candidate|staging|1|0|1|2|0.33|0.88|1|346
罪恶之城|0.456|0.676|candidate|staging|2|0|0|2|0.33|0.75|36|176,177,178,183,184,185,189,190,191,194,197,198,201,203,207,253,259,270,272,282,291,292,300
训练室门|0.456|0.308|candidate|staging|1|0|1|2|0.33|0.75|2|540,1304
朝赛台|0.456|0.096|candidate|staging|1|0|1|2|0.33|0.75|1|1309
朝主城|0.456|0.091|candidate|staging|1|0|1|2|0.33|0.75|1|103
队员阳关|0.456|0.091|candidate|staging|1|0|1|2|0.33|0.75|1|1652
嘉世大门|0.456|0.103|candidate|staging|1|0|1|2|0.33|0.75|1|980
竞技台|0.456|0.097|candidate|staging|1|0|1|2|0.33|0.75|1|484
恐怕观|0.456|0.096|candidate|staging|1|0|1|2|0.33|0.75|1|1318
遥望桥|0.456|0.098|candidate|staging|1|0|1|2|0.33|0.75|1|509
呼啸山|0.419|0.620|candidate|staging|1|0|0|1|0.17|1.00|50|64,197,287,293,336,503,606,608,609,610,611,612,613,616,617,618,619,620,621,622,1719
蓝雨观|0.419|0.271|candidate|staging|1|0|0|1|0.17|1.00|2|1362,1391
迷罗之城|0.419|0.188|candidate|staging|1|0|0|1|0.17|1.00|2|426
超受关|0.419|0.101|candidate|staging|1|0|0|1|0.17|1.00|1|1085
大家最关|0.419|0.096|candidate|staging|1|0|0|1|0.17|1.00|1|1340
角斗台|0.419|0.098|candidate|staging|1|0|0|1|0.17|1.00|1|1243
没城府|0.419|0.094|candidate|staging|1|0|0|1|0.17|1.00|1|338
却又关|0.419|0.096|candidate|staging|1|0|0|1|0.17|1.00|1|412
斯奇城|0.419|0.096|candidate|staging|1|0|0|1|0.17|1.00|1|429
网吧观|0.419|0.091|candidate|staging|1|0|0|1|0.17|1.00|1|28
溪山城|0.419|0.091|candidate|staging|1|0|0|1|0.17|1.00|1|1724
写字楼|0.419|0.103|candidate|staging|1|0|0|1|0.17|1.00|1|981
注意观|0.419|0.091|candidate|staging|1|0|0|1|0.17|1.00|1|7
坐吃山|0.419|0.101|candidate|staging|1|0|0|1|0.17|1.00|1|663
奥克城|0.418|0.192|candidate|staging|1|0|1|2|0.33|0.63|2|598
朝围观|0.418|0.091|candidate|staging|1|0|1|2|0.33|0.63|1|1696
蜘蛛洞|0.382|0.672|candidate|staging|1|0|0|1|0.17|0.88|24|1656,1657,1658,1659,1660,1661,1662,1663,1666,1669,1689
结果楼|0.382|0.296|candidate|staging|1|0|0|1|0.17|0.88|2|715,1301
无人关|0.382|0.098|candidate|staging|1|0|0|1|0.17|0.88|1|1214
喻文州|0.381|0.714|candidate|staging|2|0|0|2|0.33|0.50|353|91,92,93,94,95,153,212,213,244,247,248,249,250,251,252,305,356,362,422,428,550,561,563,564,565,567,595,596,650,654,757,766,767,868,1005,1006,1007,1008,1009,1132,1134,1147,1149,1154,1155,1174,1175,1177,1179,1180,1230,1231,1232,1234,1250,1261,1270,1306,1307,1309,1310,1324,1325,1326,1327,1328,1330,1333,1334,1335,1336,1337,1338,1340,1341,1342,1343,1346,1347,1348,1349,1350,1351,1357,1359,1367,1376,1379,1380,1381,1382,1383,1385,1386,1388,1389,1390,1392,1394,1395,1400,1423,1432,1452,1494,1506,1578,1601,1645
调整观|0.381|0.091|candidate|staging|1|0|1|2|0.33|0.50|1|89
归陟城|0.381|0.104|candidate|staging|1|0|1|2|0.33|0.50|1|788
好容易观|0.381|0.099|candidate|staging|1|0|1|2|0.33|0.50|1|579
将风城|0.381|0.102|candidate|staging|1|0|1|2|0.33|0.50|1|1031
连忙关|0.381|0.091|candidate|staging|1|0|1|2|0.33|0.50|1|33
模仿周泽|0.381|0.092|candidate|staging|1|0|1|2|0.33|0.50|1|226
新区东山|0.381|0.094|candidate|staging|1|0|1|2|0.33|0.50|1|329
以客观|0.381|0.096|candidate|staging|1|0|1|2|0.33|0.50|1|1305
尤其关|0.381|0.100|candidate|staging|1|0|1|2|0.33|0.50|1|1114
只擂台|0.381|0.096|candidate|staging|1|0|1|2|0.33|0.50|1|1324
主队城|0.381|0.100|candidate|staging|1|0|1|2|0.33|0.50|1|1142
空积城|0.344|0.659|candidate|staging|1|0|0|1|0.17|0.75|19|62,77,103,104,105,107,108,116,125,131,140,146,148,153,184,202,286
电视台|0.344|0.308|candidate|staging|1|0|0|1|0.17|0.75|5|316,1146,1147,1185,1255
历史舞台|0.344|0.100|candidate|staging|1|0|0|1|0.17|0.75|1|595
强行关|0.344|0.091|candidate|staging|1|0|0|1|0.17|0.75|1|47
调虎离山|0.343|0.091|candidate|staging|1|0|1|2|0.33|0.38|1|1613
刚刚观|0.343|0.102|candidate|staging|1|0|1|2|0.33|0.38|1|730
搞好关|0.343|0.097|candidate|staging|1|0|1|2|0.33|0.38|1|458
跳钟楼|0.343|0.092|candidate|staging|1|0|1|2|0.33|0.38|1|192
突然山|0.343|0.091|candidate|staging|1|0|1|2|0.33|0.38|1|141
吸引关|0.343|0.102|candidate|staging|1|0|1|2|0.33|0.38|1|700
喜欢观|0.343|0.102|candidate|staging|1|0|1|2|0.33|0.38|1|1024
其实关|0.306|0.325|candidate|staging|1|0|0|1|0.17|0.63|3|342,416,1128
打蓝溪|0.306|0.097|candidate|staging|1|0|0|1|0.17|0.63|1|446
堪萨斯城|0.306|0.340|candidate|staging|1|0|1|2|0.33|0.25|9|1017,1018,1019
霸图观|0.306|0.335|candidate|staging|1|0|1|2|0.33|0.25|7|1441,1453,1454,1455,1464,1469
桐木楼|0.306|0.332|candidate|staging|1|0|1|2|0.33|0.25|6|1294,1295,1297
呼啸山庄|0.306|0.337|candidate|staging|1|0|1|2|0.33|0.25|4|607,608,610
叶修关|0.306|0.348|candidate|staging|1|0|1|2|0.33|0.25|4|503,876,1554,1679
冲撞周泽|0.306|0.091|candidate|staging|1|0|1|2|0.33|0.25|1|1627
告诉江|0.306|0.091|candidate|staging|1|0|1|2|0.33|0.25|1|1598
加风城|0.306|0.102|candidate|staging|1|0|1|2|0.33|0.25|1|1027
录相观|0.306|0.091|candidate|staging|1|0|1|2|0.33|0.25|1|153
强制关|0.306|0.095|candidate|staging|1|0|1|2|0.33|0.25|1|377
全体观|0.306|0.097|candidate|staging|1|0|1|2|0.33|0.25|1|1290
仍然改观|0.306|0.105|candidate|staging|1|0|1|2|0.33|0.25|1|898
微博关|0.306|0.102|candidate|staging|1|0|1|2|0.33|0.25|1|1039
最受关|0.306|0.095|candidate|staging|1|0|1|2|0.33|0.25|1|351
新手村|0.269|0.698|archived|archive|1|0|0|1|0.17|0.50|28|7,15,26,30,56,59,62,319,452,470,1650,1663,1671,1673,1675,1678,1695,1697,1700,1701,1705,1708,1724,1732
毒牙沼泽|0.269|0.339|archived|archive|1|0|0|1|0.17|0.50|7|441,444,450,452,455
大家关|0.269|0.329|archived|archive|1|0|0|1|0.17|0.50|5|693,768,944,1018,1583
大局观|0.269|0.105|archived|archive|1|0|0|1|0.17|0.50|1|858
公车亭|0.269|0.094|archived|archive|1|0|0|1|0.17|0.50|1|315
呼啸观|0.269|0.097|archived|archive|1|0|0|1|0.17|0.50|1|1279
将崩山|0.269|0.104|archived|archive|1|0|0|1|0.17|0.50|1|930
竞技场门|0.269|0.091|archived|archive|1|0|0|1|0.17|0.50|1|148
开始观|0.269|0.095|archived|archive|1|0|0|1|0.17|0.50|1|1368
离悬崖|0.269|0.097|archived|archive|1|0|0|1|0.17|0.50|1|1280
连蓝溪|0.269|0.097|archived|archive|1|0|0|1|0.17|0.50|1|453
新闻台|0.269|0.103|archived|archive|1|0|0|1|0.17|0.50|1|766
网吧门|0.268|0.333|archived|archive|1|0|1|2|0.33|0.13|8|0,29,173,312,623,737,1668
白桐楼|0.268|0.238|archived|archive|1|0|1|2|0.33|0.13|5|1294
哈德村|0.268|0.324|archived|archive|1|0|1|2|0.33|0.13|4|105,107,108
结果关|0.268|0.285|archived|archive|1|0|1|2|0.33|0.13|2|757,875
茂山城|0.268|0.275|archived|archive|1|0|1|2|0.33|0.13|2|488,490
兴欣观|0.268|0.277|archived|archive|1|0|1|2|0.33|0.13|2|1211,1636
奥玛尔山|0.268|0.096|archived|archive|1|0|1|2|0.33|0.13|1|437
刚刚擂台|0.268|0.095|archived|archive|1|0|1|2|0.33|0.13|1|1389
何安关|0.268|0.103|archived|archive|1|0|1|2|0.33|0.13|1|753
结果观|0.268|0.097|archived|archive|1|0|1|2|0.33|0.13|1|1268
局中观|0.268|0.096|archived|archive|1|0|1|2|0.33|0.13|1|436
口大门|0.268|0.092|archived|archive|1|0|1|2|0.33|0.13|1|195
连锁关|0.268|0.091|archived|archive|1|0|1|2|0.33|0.13|1|78
偶尔关|0.268|0.099|archived|archive|1|0|1|2|0.33|0.13|1|1198
守擂台|0.268|0.105|archived|archive|1|0|1|2|0.33|0.13|1|887
唐柔观|0.268|0.094|archived|archive|1|0|1|2|0.33|0.13|1|289
偷偷观|0.268|0.091|archived|archive|1|0|1|2|0.33|0.13|1|28
先静观|0.268|0.097|archived|archive|1|0|1|2|0.33|0.13|1|446
小村庄|0.268|0.091|archived|archive|1|0|1|2|0.33|0.13|1|154
以崩山|0.268|0.104|archived|archive|1|0|1|2|0.33|0.13|1|941
意图东山|0.268|0.094|archived|archive|1|0|1|2|0.33|0.13|1|330
助拳长河|0.268|0.093|archived|archive|1|0|1|2|0.33|0.13|1|1482
列屏群山|0.231|0.345|archived|archive|1|0|0|1|0.17|0.38|8|769,770,790,802
朝北桥|0.231|0.098|archived|archive|1|0|0|1|0.17|0.38|1|504
碰蓝河|0.231|0.093|archived|archive|1|0|0|1|0.17|0.38|1|265
荒野小镇|0.231|0.341|archived|archive|1|0|1|2|0.33|0.00|9|380,385,389,392,399,413,414,423,450
主场观|0.231|0.342|archived|archive|1|0|1|2|0.33|0.00|7|1066,1072,1085,1137,1190,1236
场外观|0.231|0.308|archived|archive|1|0|1|2|0.33|0.00|6|989,1442,1598,1603,1610,1619
哪个主城|0.231|0.337|archived|archive|1|0|1|2|0.33|0.00|4|500,573,598,616
中原|0.231|0.337|archived|archive|1|0|1|2|0.33|0.00|4|515,607,660,670
斗破山河|0.231|0.337|archived|archive|1|0|1|2|0.33|0.00|3|931,1430
布尔斯镇|0.231|0.334|archived|archive|1|0|1|2|0.33|0.00|2|161,1687
守峡谷|0.231|0.266|archived|archive|1|0|1|2|0.33|0.00|2|140,141
最终关|0.231|0.267|archived|archive|1|0|1|2|0.33|0.00|2|1495,1559
朝山崖|0.231|0.102|archived|archive|1|0|1|2|0.33|0.00|1|1006
窗口观|0.231|0.092|archived|archive|1|0|1|2|0.33|0.00|1|1539
打断江|0.231|0.098|archived|archive|1|0|1|2|0.33|0.00|1|1220
打开房门|0.231|0.100|archived|archive|1|0|1|2|0.33|0.00|1|621
大理|0.231|0.094|archived|archive|1|0|1|2|0.33|0.00|1|1400
调动观|0.231|0.092|archived|archive|1|0|1|2|0.33|0.00|1|1498
毒刀沼泽|0.231|0.097|archived|archive|1|0|1|2|0.33|0.00|1|447
队长关|0.231|0.102|archived|archive|1|0|1|2|0.33|0.00|1|709
否则桥|0.231|0.098|archived|archive|1|0|1|2|0.33|0.00|1|509
搁蓝溪|0.231|0.091|archived|archive|1|0|1|2|0.33|0.00|1|1730
观望观|0.231|0.095|archived|archive|1|0|1|2|0.33|0.00|1|348
狠狠镇|0.231|0.092|archived|archive|1|0|1|2|0.33|0.00|1|203
将周泽|0.231|0.092|archived|archive|1|0|1|2|0.33|0.00|1|1504
借假山|0.231|0.098|archived|archive|1|0|1|2|0.33|0.00|1|1236
局大热门|0.231|0.101|archived|archive|1|0|1|2|0.33|0.00|1|1056
拉拉关|0.231|0.091|archived|archive|1|0|1|2|0.33|0.00|1|1705
貌似关|0.231|0.101|archived|archive|1|0|1|2|0.33|0.00|1|664
没相关|0.231|0.099|archived|archive|1|0|1|2|0.33|0.00|1|1181
哪怕关|0.231|0.102|archived|archive|1|0|1|2|0.33|0.00|1|1040
起初观|0.231|0.094|archived|archive|1|0|1|2|0.33|0.00|1|1428
亲眼观|0.231|0.092|archived|archive|1|0|1|2|0.33|0.00|1|1543
人们关|0.231|0.101|archived|archive|1|0|1|2|0.33|0.00|1|670
荣耀平台|0.231|0.103|archived|archive|1|0|1|2|0.33|0.00|1|979
石钟林洞|0.231|0.092|archived|archive|1|0|1|2|0.33|0.00|1|1499
视角观|0.231|0.101|archived|archive|1|0|1|2|0.33|0.00|1|1057
死命观|0.231|0.092|archived|archive|1|0|1|2|0.33|0.00|1|1538
孙翔观|0.231|0.104|archived|archive|1|0|1|2|0.33|0.00|1|931
完全镇|0.231|0.103|archived|archive|1|0|1|2|0.33|0.00|1|996
网吧大门|0.231|0.091|archived|archive|1|0|1|2|0.33|0.00|1|157
无论观|0.231|0.103|archived|archive|1|0|1|2|0.33|0.00|1|991
武装斩楼|0.231|0.101|archived|archive|1|0|1|2|0.33|0.00|1|1065
相互观|0.231|0.100|archived|archive|1|0|1|2|0.33|0.00|1|1113
小瞧蓝溪|0.231|0.091|archived|archive|1|0|1|2|0.33|0.00|1|132
虚空观|0.231|0.097|archived|archive|1|0|1|2|0.33|0.00|1|1269
遥遥观|0.231|0.091|archived|archive|1|0|1|2|0.33|0.00|1|1592
以周泽|0.231|0.103|archived|archive|1|0|1|2|0.33|0.00|1|996
永生之泉|0.231|0.098|archived|archive|1|0|1|2|0.33|0.00|1|528
右侧山|0.231|0.093|archived|archive|1|0|1|2|0.33|0.00|1|1476
长矛机关|0.231|0.097|archived|archive|1|0|1|2|0.33|0.00|1|478
整场擂台|0.231|0.093|archived|archive|1|0|1|2|0.33|0.00|1|1462
转动观|0.231|0.091|archived|archive|1|0|1|2|0.33|0.00|1|1603
左侧山|0.231|0.093|archived|archive|1|0|1|2|0.33|0.00|1|1476
全场观|0.194|0.680|archived|archive|1|0|0|1|0.17|0.25|32|213,221,229,230,234,235,236,561,904,943,1165,1174,1180,1187,1226,1268,1271,1275,1286,1307,1343,1348,1353,1364,1374,1403,1547,1551,1564
死亡之门|0.194|0.520|archived|archive|1|0|0|1|0.17|0.25|12|562,920,1115,1130,1335,1341,1389,1390
江湖|0.194|0.395|archived|archive|1|0|0|1|0.17|0.25|11|159,222,329,349,424,548,964,1062,1088,1702
收银台|0.194|0.327|archived|archive|1|0|0|1|0.17|0.25|6|517,519,524,763
叶修观|0.194|0.332|archived|archive|1|0|0|1|0.17|0.25|3|330,641,773
印山贼寨|0.194|0.283|archived|archive|1|0|0|1|0.17|0.25|2|771,787
包括观|0.194|0.091|archived|archive|1|0|0|1|0.17|0.25|1|1567
场场关|0.194|0.096|archived|archive|1|0|0|1|0.17|0.25|1|1303
抚平擂台|0.194|0.096|archived|archive|1|0|0|1|0.17|0.25|1|1326
好好观|0.194|0.094|archived|archive|0|0|1|1|0.17|0.25|1|334
积极观|0.194|0.099|archived|archive|1|0|0|1|0.17|0.25|1|568
领奖台|0.194|0.091|archived|archive|1|0|0|1|0.17|0.25|1|1643
门口围观|0.194|0.100|archived|archive|1|0|0|1|0.17|0.25|1|626
人际关|0.194|0.096|archived|archive|1|0|0|1|0.17|0.25|1|1320
尚未关|0.194|0.104|archived|archive|1|0|0|1|0.17|0.25|1|943
市参加国|0.194|0.091|archived|archive|1|0|0|1|0.17|0.25|1|1645
魏琛观|0.194|0.104|archived|archive|1|0|0|1|0.17|0.25|1|811
些许门|0.194|0.092|archived|archive|1|0|0|1|0.17|0.25|1|220
幸运观|0.194|0.099|archived|archive|1|0|0|1|0.17|0.25|1|1166
咬紧牙关|0.194|0.096|archived|archive|1|0|0|1|0.17|0.25|1|1342
以便观|0.157|0.291|archived|archive|1|0|0|1|0.17|0.13|2|723,1167
霸体观|0.157|0.093|archived|archive|1|0|0|1|0.17|0.13|1|1454
离主城|0.157|0.100|archived|archive|1|0|0|1|0.17|0.13|1|591
属城镇|0.157|0.099|archived|archive|1|0|0|1|0.17|0.13|1|1193
土屋门|0.157|0.091|archived|archive|1|0|0|1|0.17|0.13|1|48
兴欣关|0.157|0.101|archived|archive|1|0|0|1|0.17|0.13|1|1080
以印山|0.157|0.103|archived|archive|1|0|0|1|0.17|0.13|1|781
装周泽|0.157|0.100|archived|archive|1|0|0|1|0.17|0.13|1|628
斗破山|0.119|0.657|archived|archive|1|0|0|1|0.17|0.00|46|924,931,954,959,964,1070,1123,1143,1176,1212,1220,1228,1244,1253,1430,1468,1528,1536,1560,1561,1562,1589,1597,1598,1625
黑洞洞|0.119|0.410|archived|archive|1|0|0|1|0.17|0.00|11|90,137,727,783,1313,1329,1374,1400,1501,1735
暗黑城|0.119|0.327|archived|archive|1|0|0|1|0.17|0.00|7|574,576
打擂台|0.119|0.334|archived|archive|1|0|0|1|0.17|0.00|7|246,690,692,748,1185,1240,1398
金字塔|0.119|0.327|archived|archive|1|0|0|1|0.17|0.00|5|1593,1594,1612,1639
倍受关|0.119|0.334|archived|archive|1|0|0|1|0.17|0.00|3|718,742,978
红花亭|0.119|0.341|archived|archive|1|0|0|1|0.17|0.00|3|747,749,754
客队观|0.119|0.324|archived|archive|1|0|0|1|0.17|0.00|3|1421,1512,1557
连同观|0.119|0.354|archived|archive|1|0|0|1|0.17|0.00|3|0,722,1107
危机关|0.119|0.326|archived|archive|1|0|0|1|0.17|0.00|3|1000,1075,1445
引人关|0.119|0.344|archived|archive|1|0|0|1|0.17|0.00|3|694,1250,1556
战擂台|0.119|0.330|archived|archive|1|0|0|1|0.17|0.00|3|940,1061,1460
陈果关|0.119|0.275|archived|archive|1|0|0|1|0.17|0.00|2|413,546
骨龙深渊|0.119|0.274|archived|archive|1|0|0|1|0.17|0.00|2|463,465
俱乐部门|0.119|0.281|archived|archive|1|0|0|1|0.17|0.00|2|695,702
马罗城|0.119|0.193|archived|archive|1|0|0|1|0.17|0.00|2|605
媒体关|0.119|0.286|archived|archive|1|0|0|1|0.17|0.00|2|737,940
蒙土城|0.119|0.275|archived|archive|1|0|0|1|0.17|0.00|2|484,488
气吞山|0.119|0.191|archived|archive|1|0|0|1|0.17|0.00|2|1193
玩家观|0.119|0.299|archived|archive|1|0|0|1|0.17|0.00|2|220,944
像蓝溪|0.119|0.266|archived|archive|1|0|0|1|0.17|0.00|2|1661,1702
夜度寒潭|0.119|0.266|archived|archive|1|0|0|1|0.17|0.00|2|128,192
长安|0.119|0.300|archived|archive|1|0|0|1|0.17|0.00|2|470,1103
支援江|0.119|0.266|archived|archive|1|0|0|1|0.17|0.00|2|1600,1602
罪城之城|0.119|0.266|archived|archive|1|0|0|1|0.17|0.00|2|174,177
帮助观|0.119|0.100|archived|archive|1|0|0|1|0.17|0.00|1|593
达桐木楼|0.119|0.097|archived|archive|1|0|0|1|0.17|0.00|1|1294
登录豪门|0.119|0.104|archived|archive|1|0|0|1|0.17|0.00|1|833
抵挡周泽|0.119|0.091|archived|archive|1|0|0|1|0.17|0.00|1|1596
度假村|0.119|0.103|archived|archive|1|0|0|1|0.17|0.00|1|972
刚刚关|0.119|0.096|archived|archive|1|0|0|1|0.17|0.00|1|1303
高舞台|0.119|0.091|archived|archive|1|0|0|1|0.17|0.00|1|1561
攻击江|0.119|0.091|archived|archive|1|0|0|1|0.17|0.00|1|1640
关外|0.119|0.096|archived|archive|1|0|0|1|0.17|0.00|1|1301
观摩观|0.119|0.091|archived|archive|1|0|0|1|0.17|0.00|1|33
毫无关|0.119|0.099|archived|archive|1|0|0|1|0.17|0.00|1|1185
好像关|0.119|0.103|archived|archive|1|0|0|1|0.17|0.00|1|761
赫辛城|0.119|0.099|archived|archive|1|0|0|1|0.17|0.00|1|555
很快楼|0.119|0.105|archived|archive|1|0|0|1|0.17|0.00|1|842
湖中小岛|0.119|0.093|archived|archive|1|0|0|1|0.17|0.00|1|287
嘉世豪门|0.119|0.099|archived|archive|1|0|0|1|0.17|0.00|1|1159
简单关|0.119|0.102|archived|archive|1|0|0|1|0.17|0.00|1|1039
将擂台|0.119|0.100|archived|archive|1|0|0|1|0.17|0.00|1|592
纠缠周泽|0.119|0.091|archived|archive|1|0|0|1|0.17|0.00|1|1622
居然关|0.119|0.096|archived|archive|1|0|0|1|0.17|0.00|1|1319
局区门|0.119|0.099|archived|archive|1|0|0|1|0.17|0.00|1|1158
开始关|0.119|0.104|archived|archive|1|0|0|1|0.17|0.00|1|834
连斩楼|0.119|0.100|archived|archive|1|0|0|1|0.17|0.00|1|597
良好关|0.119|0.102|archived|archive|1|0|0|1|0.17|0.00|1|1009
没人关|0.119|0.093|archived|archive|1|0|0|1|0.17|0.00|1|288
拿蓝溪|0.119|0.103|archived|archive|1|0|0|1|0.17|0.00|1|773
悄然观|0.119|0.101|archived|archive|1|0|0|1|0.17|0.00|1|1094
确认观|0.119|0.103|archived|archive|1|0|0|1|0.17|0.00|1|755
赛场观|0.119|0.099|archived|archive|1|0|0|1|0.17|0.00|1|565
少像蓝河|0.119|0.102|archived|archive|1|0|0|1|0.17|0.00|1|1016
少周泽|0.119|0.092|archived|archive|1|0|0|1|0.17|0.00|1|1536
什么关|0.119|0.101|archived|archive|1|0|0|1|0.17|0.00|1|1100
什么冷门|0.119|0.100|archived|archive|1|0|0|1|0.17|0.00|1|1126
生死关|0.119|0.103|archived|archive|1|0|0|1|0.17|0.00|1|745
失落谷|0.119|0.103|archived|archive|1|0|0|1|0.17|0.00|1|999
刷个关|0.119|0.104|archived|archive|1|0|0|1|0.17|0.00|1|796
提示观|0.119|0.097|archived|archive|1|0|0|1|0.17|0.00|1|1284
替蓝溪|0.119|0.097|archived|archive|1|0|0|1|0.17|0.00|1|445
玩家关|0.119|0.105|archived|archive|1|0|0|1|0.17|0.00|1|897
微草观|0.119|0.098|archived|archive|1|0|0|1|0.17|0.00|1|1242
吸引周泽|0.119|0.091|archived|archive|1|0|0|1|0.17|0.00|1|1596
狭长山|0.119|0.094|archived|archive|1|0|0|1|0.17|0.00|1|320
像平台|0.119|0.097|archived|archive|1|0|0|1|0.17|0.00|1|1276
新人关|0.119|0.098|archived|archive|0|0|1|1|0.17|0.00|1|535
以北桥|0.119|0.098|archived|archive|1|0|0|1|0.17|0.00|1|508
以示关|0.119|0.097|archived|archive|1|0|0|1|0.17|0.00|1|468
又具体观|0.119|0.093|archived|archive|1|0|0|1|0.17|0.00|1|1478
又擅观|0.119|0.095|archived|archive|1|0|0|1|0.17|0.00|1|1392
原蓝溪|0.119|0.091|archived|archive|1|0|0|1|0.17|0.00|1|76
原主城|0.119|0.100|archived|archive|1|0|0|1|0.17|0.00|1|598
赞周泽|0.119|0.091|archived|archive|1|0|0|1|0.17|0.00|1|1613
站起观|0.119|0.104|archived|archive|1|0|0|1|0.17|0.00|1|935
阵峡谷|0.119|0.098|archived|archive|1|0|0|1|0.17|0.00|1|490
整个村|0.119|0.094|archived|archive|1|0|0|1|0.17|0.00|1|1419
整个欧洲|0.119|0.098|archived|archive|1|0|0|1|0.17|0.00|1|1222
整座城|0.119|0.091|archived|archive|1|0|0|1|0.17|0.00|1|175
知道关|0.119|0.091|archived|archive|1|0|0|1|0.17|0.00|1|1584
天天关|0.037|0.101|archived|archive|0|0|0|0|0.00|0.13|1|674
方锐关|0.000|0.102|archived|archive|0|0|0|0|0.00|0.00|1|1029
人人关|0.000|0.095|archived|archive|0|0|0|0|0.00|0.00|1|1393
[分层统计] core=0 supporting=1 candidate=75 archived=201
[分流统计] main=1 staging=75 archive=201

=== ITEM (81条) ===
实体|重要性|置信度|分层|分流|因果|唯一|转折|storyScore|storyValue|呈现价值|提及|章节
血影狂刀|0.500|0.468|supporting|main|2|0|1|3|0.50|0.50|9|420,841,862,1099,1234,1273
赤影狂刀|0.462|0.327|candidate|staging|2|0|1|3|0.50|0.38|6|74,101,145,203
冰创冰动剑|0.456|0.099|candidate|staging|1|0|1|2|0.33|0.75|1|1168
鬼剑士的刀|0.456|0.091|candidate|staging|1|0|1|2|0.33|0.75|1|86
蓝河对其印|0.418|0.093|candidate|staging|1|0|1|2|0.33|0.63|1|258
寒烟柔战矛|0.387|0.333|candidate|staging|2|0|1|3|0.50|0.13|8|599,959,1022,1108,1124,1246,1484,1630
魔道和弹药|0.382|0.102|candidate|staging|1|0|0|1|0.17|0.88|1|1014
银霜钩|0.381|0.326|candidate|staging|1|0|1|2|0.33|0.50|3|1215,1216
赤血的重剑|0.381|0.097|candidate|staging|1|0|1|2|0.33|0.50|1|1273
红花飘散|0.381|0.103|candidate|staging|1|0|1|2|0.33|0.50|1|750
金香职业枪|0.381|0.096|candidate|staging|1|0|1|2|0.33|0.50|1|394
蓝字光剑|0.381|0.091|candidate|staging|1|0|1|2|0.33|0.50|1|112
雪白的剑|0.381|0.091|candidate|staging|1|0|1|2|0.33|0.50|1|1735
烈焰波动剑|0.350|0.585|candidate|staging|2|0|1|3|0.50|0.00|13|1114,1168,1194,1278,1510,1514,1546,1597,1598,1624
冰霜波动剑|0.350|0.521|candidate|staging|2|0|1|3|0.50|0.00|11|728,733,1114,1510,1587,1597,1624
神枪手和剑|0.350|0.316|candidate|staging|2|0|1|3|0.50|0.00|6|161,163
冰弹是弹药|0.344|0.091|candidate|staging|1|0|0|1|0.17|0.75|1|127
幽蓝的剑|0.343|0.273|candidate|staging|1|0|1|2|0.33|0.38|2|1313,1318
蓝雨双剑|0.306|0.271|candidate|staging|1|0|0|1|0.17|0.63|2|1379,1386
赤红的战矛|0.306|0.091|candidate|staging|1|0|0|1|0.17|0.63|1|66
狼牙棒|0.306|0.342|candidate|staging|1|0|1|2|0.33|0.25|5|778,779,780
火力交叉|0.306|0.337|candidate|staging|1|0|1|2|0.33|0.25|3|828,1024,1420
寒烟柔单枪|0.306|0.093|candidate|staging|1|0|1|2|0.33|0.25|1|278
神枪手是枪|0.306|0.092|candidate|staging|1|0|1|2|0.33|0.25|1|1505
血红的眼珠|0.306|0.091|candidate|staging|1|0|1|2|0.33|0.25|1|20
血染的剑|0.306|0.105|candidate|staging|1|0|1|2|0.33|0.25|1|862
血色步枪|0.306|0.091|candidate|staging|1|0|1|2|0.33|0.25|1|1715
冰霜从刀|0.269|0.091|archived|archive|1|0|0|1|0.17|0.50|1|119
蓝溪的剑|0.269|0.105|archived|archive|1|0|0|1|0.17|0.50|1|857
蓝雨这选图|0.269|0.095|archived|archive|1|0|0|1|0.17|0.50|1|1355
紫字战矛|0.269|0.091|archived|archive|1|0|0|1|0.17|0.50|1|62
寒烟柔一矛|0.268|0.192|archived|archive|1|0|1|2|0.33|0.13|2|572
碧水雷光剑|0.268|0.102|archived|archive|1|0|1|2|0.33|0.13|1|725
火光自枪|0.268|0.091|archived|archive|1|0|1|2|0.33|0.13|1|182
丝丝剑|0.268|0.091|archived|archive|1|0|1|2|0.33|0.13|1|112
血花飘散|0.268|0.101|archived|archive|1|0|1|2|0.33|0.13|1|1092
冰创波动剑|0.231|0.329|archived|archive|1|0|0|1|0.17|0.38|3|1168,1169,1281
冰雨剑|0.231|0.332|archived|archive|1|0|1|2|0.33|0.00|6|1320,1329,1375,1388
鬼火萤灯|0.231|0.239|archived|archive|2|0|0|2|0.33|0.00|5|1271
黑洞洞的枪|0.231|0.320|archived|archive|1|0|1|2|0.33|0.00|4|783,1329,1400,1501
寒冰符|0.231|0.330|archived|archive|1|0|1|2|0.33|0.00|3|1028,1134
雷达扫视图|0.231|0.185|archived|archive|1|0|1|2|0.33|0.00|2|1407
烈焰符|0.231|0.193|archived|archive|1|0|1|2|0.33|0.00|2|1134
幽蓝剑|0.231|0.273|archived|archive|1|0|1|2|0.33|0.00|2|1313,1328
冰刃波动剑|0.231|0.103|archived|archive|1|0|1|2|0.33|0.00|1|754
寒烟柔的矛|0.231|0.101|archived|archive|1|0|1|2|0.33|0.00|1|1070
烈焰卷|0.231|0.100|archived|archive|1|0|1|2|0.33|0.00|1|1114
仙剑指路剑|0.231|0.099|archived|archive|1|0|1|2|0.33|0.00|1|1183
玄奇的神枪|0.231|0.105|archived|archive|1|0|1|2|0.33|0.00|1|886
血气之剑|0.231|0.095|archived|archive|1|0|1|2|0.33|0.00|1|352
银武天链剑|0.231|0.098|archived|archive|1|0|1|2|0.33|0.00|1|1204
赤月长矛|0.194|0.316|archived|archive|1|0|0|1|0.17|0.25|7|179,183
鬼刻在地图|0.194|0.100|archived|archive|1|0|0|1|0.17|0.25|1|1140
蓝字战矛|0.194|0.091|archived|archive|1|0|0|1|0.17|0.25|1|62
龙牙捅得剑|0.194|0.092|archived|archive|1|0|0|1|0.17|0.25|1|236
银武重剑|0.194|0.098|archived|archive|1|0|0|1|0.17|0.25|1|1234
黑色小箭|0.157|0.103|archived|archive|1|0|0|1|0.17|0.13|1|751
虎之印|0.119|0.333|archived|archive|1|0|0|1|0.17|0.00|3|448,784
蓝雨的双剑|0.119|0.328|archived|archive|1|0|0|1|0.17|0.00|3|1378,1379,1396
烈焰风暴卷|0.119|0.193|archived|archive|1|0|0|1|0.17|0.00|2|1120
冰霜自刀|0.119|0.103|archived|archive|1|0|0|1|0.17|0.00|1|964
冰雨剑的剑|0.119|0.097|archived|archive|1|0|0|1|0.17|0.00|1|1261
冰渣剑|0.119|0.091|archived|archive|1|0|0|1|0.17|0.00|1|1583
鬼火荧灯|0.119|0.097|archived|archive|1|0|0|1|0.17|0.00|1|1271
寒烟柔出矛|0.119|0.100|archived|archive|1|0|0|1|0.17|0.00|1|1106
寒烟柔提矛|0.119|0.093|archived|archive|1|0|0|1|0.17|0.00|1|1484
寒烟柔在枪|0.119|0.098|archived|archive|1|0|0|1|0.17|0.00|1|1216
黑光扩散|0.119|0.100|archived|archive|1|0|0|1|0.17|0.00|1|1141
黑响响的枪|0.119|0.091|archived|archive|1|0|0|1|0.17|0.00|1|1574
红莲天舞刀|0.119|0.100|archived|archive|1|0|0|1|0.17|0.00|1|1143
火力不如枪|0.119|0.101|archived|archive|1|0|0|1|0.17|0.00|1|1094
火焰卷|0.119|0.091|archived|archive|1|0|0|1|0.17|0.00|1|1576
火之鸟席卷|0.119|0.091|archived|archive|1|0|0|1|0.17|0.00|1|1576
金香的枪|0.119|0.095|archived|archive|1|0|0|1|0.17|0.00|1|385
蓝庙这图|0.119|0.103|archived|archive|1|0|0|1|0.17|0.00|1|746
蓝溪里多剑|0.119|0.093|archived|archive|1|0|0|1|0.17|0.00|1|288
魔法斗气矛|0.119|0.093|archived|archive|1|0|0|1|0.17|0.00|1|1484
魔界之花令|0.119|0.096|archived|archive|1|0|0|1|0.17|0.00|1|1323
神枪手的枪|0.119|0.094|archived|archive|1|0|0|1|0.17|0.00|1|1438
银武光剑|0.119|0.104|archived|archive|1|0|0|1|0.17|0.00|1|834
银武战矛|0.119|0.105|archived|archive|1|0|0|1|0.17|0.00|1|870
[分层统计] core=0 supporting=1 candidate=26 archived=54
[分流统计] main=1 staging=26 archive=54

=== EVENT (0条) ===
实体|重要性|置信度|分层|分流|因果|唯一|转折|storyScore|storyValue|呈现价值|提及|章节
[分层统计] core=0 supporting=0 candidate=0 archived=0
[分流统计] main=0 staging=0 archive=0
