# 实体重要性分析报告
# 格式: 实体|重要性|置信度|分层|分流|因果|唯一|转折|storyScore|storyValue|呈现价值|提及|章节
# 分层: core=核心 / supporting=支撑 / candidate=候选 / archived=归档
# 分流: main=主表 / staging=暂存区 / archive=归档
# Importance = 0.7 × storyValue + 0.3 × productionValue
# storyValue: 三支柱 storyScore(0-6) 查表/归一化后的故事评分
# 置信度: 基于出现次数、位置特征、分布广度、语义段落、基础统计量
# 三支柱: 因果必要性(行为驱动+不可替代) + 信息唯一性(语义相似度反向) + 状态转折性(情感+关系+转折词)

=== CHARACTER (99条) ===
实体|重要性|置信度|分层|分流|因果|唯一|转折|storyScore|storyValue|呈现价值|提及|章节
毕竟|0.650|0.827|supporting|main|2|0|1|3|0.50|1.00|35|1,2,10,20,26,28,30,43,44,48,53,65,68,79,83,98,106,122,124,133,154,158,161,183,186,198,202,203,224,226,233,254,257,260
秦究点|0.650|0.667|supporting|main|2|0|1|3|0.50|1.00|24|14,19,30,77,82,88,101,102,122,126,127,128,135,150,168,179,182,187,188,196,198,207,211
李哥|0.650|0.336|supporting|main|2|0|1|3|0.50|1.00|16|29,48,66,72
章鸣|0.650|0.344|supporting|main|2|0|1|3|0.50|1.00|9|81,82,83,86
安排|0.650|0.357|supporting|main|2|0|1|3|0.50|1.00|8|82,99,109,125,132,134,158,161
秦究回|0.575|0.346|supporting|main|2|0|1|3|0.50|0.75|9|57,69,79,83,92,114,161,224
官先生|0.575|0.342|supporting|main|2|0|1|3|0.50|0.75|5|8,11,65,102,133
赵嘉彤|0.531|0.657|supporting|main|2|0|0|2|0.33|1.00|90|96,97,98,99,100,101,102,103,104,105,106,107,112,114,116,117,120,121,129,139,158,193,220,221,223,225
周祺|0.531|0.740|supporting|main|2|0|0|2|0.33|1.00|55|96,97,99,100,101,104,106,107,114,116,118,120,122
陈斌|0.531|0.722|supporting|main|2|0|0|2|0.33|1.00|39|2,3,4,5,6,7,8,9,10,11,14,16,20,21,22,24
方面|0.531|0.373|supporting|main|2|0|0|2|0.33|1.00|20|15,24,61,66,79,80,82,97,128,130,151,181,197,202,225,227
任务|0.531|0.338|supporting|main|2|0|0|2|0.33|1.00|18|84,88,96,128,196,197,204,205,206,223,225
秦究挑|0.531|0.371|supporting|main|2|0|0|2|0.33|1.00|15|24,30,41,43,57,112,114,127,175,199,201,206,226,231,241
平静|0.531|0.358|supporting|main|2|0|0|2|0.33|1.00|13|84,116,140,158,182,183,203,212,221,230,261
秦究忽|0.531|0.347|supporting|main|2|0|0|2|0.33|1.00|11|67,81,86,87,101,151,152,168,171,180,232
秦究突|0.531|0.357|supporting|main|2|0|0|2|0.33|1.00|11|16,18,24,47,80,117,122,133,151,156,204
张卡|0.531|0.359|supporting|main|2|0|0|2|0.33|1.00|10|1,4,23,79,117,122,129,208,211,261
姜原|0.531|0.351|supporting|main|2|0|0|2|0.33|1.00|9|116,117,120,122
许久|0.531|0.337|supporting|main|2|0|0|2|0.33|1.00|8|114,118,182,188,203,214,227,261
张照片|0.531|0.341|supporting|main|2|0|0|2|0.33|1.00|8|131,162,180,182,187
周进|0.531|0.344|supporting|main|2|0|0|2|0.33|1.00|8|0,1,260,261
齐又|0.531|0.325|supporting|main|2|0|0|2|0.33|1.00|7|96,97,100,102,221,223
时刻|0.531|0.355|supporting|main|2|0|0|2|0.33|1.00|7|15,19,107,142,151,201,212
水袋|0.531|0.328|supporting|main|2|0|0|2|0.33|1.00|7|17,18,19
于又|0.531|0.352|supporting|main|2|0|0|2|0.33|1.00|7|9,15,158,179,201,220
李箱|0.531|0.340|supporting|main|2|0|0|2|0.33|1.00|6|24,25,26,28,44,251
马车夫|0.531|0.245|supporting|main|2|0|0|2|0.33|1.00|6|96
秦究正|0.531|0.342|supporting|main|2|0|0|2|0.33|1.00|6|44,47,112,125,196
闻咕哝|0.531|0.345|supporting|main|2|0|0|2|0.33|1.00|6|10,12,16,171,185,186
于考|0.531|0.340|supporting|main|2|0|0|2|0.33|1.00|6|44,48,57,123,200
于闻咕|0.531|0.345|supporting|main|2|0|0|2|0.33|1.00|6|10,12,16,171,185,186
张嘴|0.531|0.333|supporting|main|2|0|0|2|0.33|1.00|6|1,23,29,41,69,129
安静片|0.531|0.386|supporting|main|2|0|0|2|0.33|1.00|5|43,110,182,239
秦究终于|0.531|0.348|supporting|main|2|0|0|2|0.33|1.00|5|72,121,133,202
时还|0.500|0.360|supporting|main|2|0|1|3|0.50|0.50|6|58,81,130,185,188,225
齐点|0.500|0.330|supporting|main|2|0|1|3|0.50|0.50|5|99,101,107,211,223
于遥|0.493|0.756|candidate|staging|2|0|0|2|0.33|0.88|58|2,4,9,10,11,12,14,16,17,18,20,21,22,229,233,239,250,255,257,260,261
秦究又|0.493|0.662|candidate|staging|2|0|0|2|0.33|0.88|26|5,19,22,24,41,45,47,64,66,71,79,81,84,88,97,98,103,119,124,154,157,187,202,224
秦究还|0.493|0.373|candidate|staging|2|0|0|2|0.33|0.88|12|15,23,41,57,79,85,117,151,162,199,204,261
卫生|0.493|0.351|candidate|staging|2|0|0|2|0.33|0.88|12|38,85,101,110,139,142,143,153,155,176,181
秦究冲|0.493|0.374|candidate|staging|2|0|0|2|0.33|0.88|7|18,47,81,101,134,224,251
安顿|0.493|0.327|candidate|staging|2|0|0|2|0.33|0.88|5|161,211,223,226
杨舒|0.472|0.707|candidate|staging|2|0|0|2|0.33|0.80|88|97,100,101,102,103,104,107,114,116,120,129,130,131,133,135,142,143,152,153,154,155,157,158,171,172,177,178,179,180,187,202,205,211,225,227
章鱼|0.462|0.336|candidate|staging|2|0|1|3|0.50|0.38|17|47,69,70,71,72
余光|0.462|0.353|candidate|staging|2|0|1|3|0.50|0.38|11|70,96,117,135,172,176,177,179,184
秦究闻|0.462|0.377|candidate|staging|2|0|1|3|0.50|0.38|6|17,84,130,161,197,224
许是|0.456|0.350|candidate|staging|2|0|0|2|0.33|0.75|11|21,58,100,102,103,129,131,139,179,221
张鹏翼|0.456|0.339|candidate|staging|2|0|0|2|0.33|0.75|6|99,100,117
于还|0.451|0.376|candidate|staging|2|0|1|3|0.50|0.34|9|7,15,69,116,173,181,221,225,261
吴医生|0.446|0.342|candidate|staging|2|0|1|3|0.50|0.32|9|28,92,181,205,206,225,226
于也|0.425|0.342|candidate|staging|2|0|1|3|0.50|0.25|5|11,12,130,182,183
马修|0.421|0.335|candidate|staging|2|0|1|3|0.50|0.24|6|143,156
赵鸿|0.421|0.335|candidate|staging|2|0|1|3|0.50|0.24|6|110,112
秦究|0.419|0.881|candidate|staging|1|0|0|1|0.17|1.00|1361|2,3,4,5,6,7,8,9,10,11,12,13,14,15,16,17,18,19,20,22,23,24,25,26,28,29,30,32,33,34,37,38,39,41,43,44,45,46,47,48,53,57,58,59,61,62,63,64,65,66,67,68,69,70,71,72,73,75,77,79,80,81,82,83,84,85,86,87,88,89,90,91,92,93,96,97,98,99,100,101,102,103,104,105,106,107,110,111,112,113,114,115,116,117,118,119,120,121,122,123,124,125,126,127,128,129,130,131,132,133,134,135,137,139,141,142,143,150,151,152,153,154,155,156,157,158,159,160,161,162,164,165,166,167,168,170,171,172,173,174,175,176,177,178,179,180,181,182,183,184,185,186,187,188,189,190,191,193,195,196,197,198,199,200,201,202,203,204,205,206,207,208,211,212,213,214,215,218,219,220,221,222,224,225,226,227,231,232,233,234,240,241,242,251,252,254,257,261
于闻|0.419|0.878|candidate|staging|1|0|0|1|0.17|1.00|342|0,1,2,3,4,5,6,7,8,9,10,11,12,14,16,18,19,20,21,22,23,24,26,82,92,130,131,133,134,135,139,140,141,142,143,150,152,153,154,155,156,157,158,164,171,172,173,174,176,177,178,179,180,181,182,183,184,185,186,193,196,202,209,213,219,225,228,229,230,233,239,240,250,252,255,256,257,258,260
闻挠|0.419|0.338|candidate|staging|1|0|0|1|0.17|1.00|6|7,24,134,152,154,180
于闻挠|0.419|0.338|candidate|staging|1|0|0|1|0.17|1.00|6|7,24,134,152,154,180
秦究顿|0.419|0.343|candidate|staging|1|0|0|1|0.17|1.00|5|72,84,88,100
秦究眯|0.419|0.369|candidate|staging|1|0|0|1|0.17|1.00|5|2,19,67,141,233
闻忍|0.419|0.347|candidate|staging|1|0|0|1|0.17|1.00|5|20,22,184,219,257
闻又|0.419|0.313|candidate|staging|1|0|0|1|0.17|1.00|5|2,10,20,150
于闻忍|0.419|0.347|candidate|staging|1|0|0|1|0.17|1.00|5|20,22,184,219,257
于闻又|0.419|0.313|candidate|staging|1|0|0|1|0.17|1.00|5|2,10,20,150
赵又|0.419|0.166|candidate|staging|1|0|0|1|0.17|1.00|1|1
武器|0.418|0.355|candidate|staging|2|0|0|2|0.33|0.63|17|171,173,178,179,184,188,202,209,211,212,221
官们|0.418|0.342|candidate|staging|2|0|0|2|0.33|0.63|5|3,97,158,161,171
秦究第|0.418|0.338|candidate|staging|1|0|1|2|0.33|0.63|5|128,159,196,197,201
秦究两|0.382|0.334|candidate|staging|1|0|0|1|0.17|0.88|5|2,25,67,81,226
谢谢|0.381|0.354|candidate|staging|2|0|0|2|0.33|0.50|15|25,70,72,86,87,98,103,107,178,183,184,187,208,240,261
安抚|0.381|0.364|candidate|staging|2|0|0|2|0.33|0.50|12|81,104,107,117,141,150,179,181,193,208,240,250
张纸|0.381|0.370|candidate|staging|2|0|0|2|0.33|0.50|9|26,53,95,103,143,226,241,251
平台|0.381|0.333|candidate|staging|1|0|1|2|0.33|0.50|5|81,85,215
秦究之|0.381|0.323|candidate|staging|1|0|1|2|0.33|0.50|5|25,84,88,89,211
时响|0.381|0.336|candidate|staging|2|0|0|2|0.33|0.50|5|10,25,45,85,192
阳光|0.381|0.329|candidate|staging|2|0|0|2|0.33|0.50|5|64,103,104,112,214
秦究也|0.381|0.365|candidate|staging|2|0|0|2|0.33|0.50|19|2,5,25,67,69,84,85,88,107,120,122,133,141,152,155,195,199,206,220
尤其|0.381|0.384|candidate|staging|2|0|0|2|0.33|0.50|19|7,10,19,48,58,83,96,100,131,134,143,160,161,178,185,200,201,222,226
秦哥|0.362|0.358|candidate|staging|2|0|0|2|0.33|0.44|20|37,38,64,86,157,176,184,186,193,211,225
平时|0.356|0.361|candidate|staging|2|0|0|2|0.33|0.42|14|77,83,86,87,97,114,156,163,171,179,199,202,228
司机|0.348|0.301|candidate|staging|2|0|0|2|0.33|0.39|19|2,3,10,20,21,126
吴俐|0.348|0.745|candidate|staging|1|0|0|1|0.17|0.76|76|25,26,28,44,65,72,129,130,133,142,143,150,152,153,154,157,161,162,171,175,177,178,180,181,182,183,187,202,205,206,211,225
秦究已|0.344|0.361|candidate|staging|1|0|0|1|0.17|0.75|5|45,97,174,180,261
黄瑞|0.343|0.338|candidate|staging|2|0|0|2|0.33|0.38|16|26,44,66,68,69,73
陈飞|0.343|0.339|candidate|staging|2|0|0|2|0.33|0.38|11|26,44,45,66,69,72,73
齐齐|0.341|0.344|candidate|staging|2|0|0|2|0.33|0.37|11|0,10,18,21,26,48,58,127,180,195
于此|0.338|0.360|candidate|staging|2|0|0|2|0.33|0.36|10|47,90,122,130,140,156,176,181,195,219
秦究却|0.332|0.376|candidate|staging|1|0|1|2|0.33|0.34|9|2,26,88,131,139,179,186,242,252
严格|0.332|0.352|candidate|staging|2|0|0|2|0.33|0.34|9|14,24,71,72,130,132,154,196,197
时候还|0.319|0.325|candidate|staging|2|0|0|2|0.33|0.29|7|17,19,25,28,82,84,141
费劲|0.306|0.368|candidate|staging|2|0|0|2|0.33|0.25|5|44,56,133,172,239
时也|0.302|0.338|candidate|staging|2|0|0|2|0.33|0.24|5|73,151,163,184
于某|0.302|0.363|candidate|staging|2|0|0|2|0.33|0.24|5|70,104,151,220
金属管|0.299|0.341|archived|archive|2|0|0|2|0.33|0.23|5|33,57,201
赵文途|0.283|0.675|archived|archive|1|0|0|1|0.17|0.55|43|16,17,18,19,21,37,38,43,57,58,64,88,197,227
方便|0.269|0.349|archived|archive|1|0|0|1|0.17|0.50|10|4,21,130,155,167,170,181,224,232
苏村|0.231|0.324|archived|archive|1|0|0|1|0.17|0.38|5|4,18,20
阳台|0.218|0.351|archived|archive|1|0|0|1|0.17|0.33|10|85,86,97,98,99,101,114
方是|0.200|0.355|archived|archive|1|0|0|1|0.17|0.27|6|98,111,133,141,143,164
吴骋|0.145|0.169|archived|archive|1|0|0|1|0.17|0.09|1|225
[分层统计] core=0 supporting=36 candidate=56 archived=7
[分流统计] main=36 staging=56 archive=7

=== LOCATION (63条) ===
实体|重要性|置信度|分层|分流|因果|唯一|转折|storyScore|storyValue|呈现价值|提及|章节
客房门|0.531|0.103|candidate|staging|1|0|1|2|0.33|1.00|1|157
算什么关|0.531|0.104|candidate|staging|1|0|1|2|0.33|1.00|1|118
宿舍楼|0.493|0.529|candidate|staging|1|0|1|2|0.33|0.88|6|85,86,211
西塔楼|0.456|0.342|candidate|staging|1|0|1|2|0.33|0.75|3|99,105,116
没准观|0.456|0.096|candidate|staging|1|0|1|2|0.33|0.75|1|206
舒雪观|0.456|0.106|candidate|staging|1|0|1|2|0.33|0.75|1|130
小洋楼|0.419|0.469|candidate|staging|1|0|0|1|0.17|1.00|5|230,231,232,233
安全门|0.419|0.201|candidate|staging|1|0|0|1|0.17|1.00|2|125
餐厅楼|0.419|0.092|candidate|staging|1|0|0|1|0.17|1.00|1|21
黑婆门|0.419|0.092|candidate|staging|1|0|0|1|0.17|1.00|1|9
结果关|0.419|0.104|candidate|staging|1|0|0|1|0.17|1.00|1|151
开开关|0.419|0.096|candidate|staging|1|0|0|1|0.17|1.00|1|58
理性客观|0.419|0.099|candidate|staging|1|0|0|1|0.17|1.00|1|182
连油门|0.419|0.092|candidate|staging|1|0|0|1|0.17|1.00|1|3
拧开门|0.419|0.100|candidate|staging|1|0|0|1|0.17|1.00|1|181
情人关|0.419|0.101|candidate|staging|1|0|0|1|0.17|1.00|1|94
谁知关|0.419|0.092|candidate|staging|1|0|0|1|0.17|1.00|1|15
琉璃台|0.382|0.294|candidate|staging|1|0|0|1|0.17|0.88|2|110,172
活板门|0.381|0.287|candidate|staging|1|0|1|2|0.33|0.50|2|28,104
考生关|0.381|0.096|candidate|staging|1|0|1|2|0.33|0.50|1|53
离西塔|0.381|0.103|candidate|staging|1|0|1|2|0.33|0.50|1|106
撞冰山|0.381|0.096|candidate|staging|1|0|1|2|0.33|0.50|1|58
江湖|0.344|0.335|candidate|staging|1|0|0|1|0.17|0.75|2|0,225
某个国|0.344|0.098|candidate|staging|1|0|0|1|0.17|0.75|1|71
某个楼|0.344|0.094|candidate|staging|1|0|0|1|0.17|0.75|1|219
木质台|0.344|0.103|candidate|staging|1|0|0|1|0.17|0.75|1|152
梳妆台|0.344|0.102|candidate|staging|1|0|0|1|0.17|0.75|1|97
以跳楼|0.344|0.092|candidate|staging|1|0|0|1|0.17|0.75|1|1
金属台|0.306|0.280|candidate|staging|1|0|0|1|0.17|0.63|2|80,89
电梯门|0.306|0.279|candidate|staging|1|0|1|2|0.33|0.25|2|79,80
金属门|0.306|0.276|candidate|staging|1|0|1|2|0.33|0.25|2|196,201
禁闭关|0.306|0.289|candidate|staging|1|0|1|2|0.33|0.25|2|161,251
房门关|0.306|0.092|candidate|staging|1|0|1|2|0.33|0.25|1|9
屋门关|0.306|0.092|candidate|staging|1|0|1|2|0.33|0.25|1|7
卡尔顿庄|0.269|0.195|archived|archive|1|0|0|1|0.17|0.50|2|96
控制台|0.269|0.333|archived|archive|1|0|0|1|0.17|0.50|2|34,196
阳台门|0.269|0.280|archived|archive|1|0|0|1|0.17|0.50|2|84,85
电影院门|0.269|0.099|archived|archive|1|0|0|1|0.17|0.50|1|186
手指关|0.269|0.095|archived|archive|1|0|0|1|0.17|0.50|1|46
甲板洞|0.268|0.098|archived|archive|1|0|1|2|0.33|0.13|1|68
门没关|0.231|0.305|archived|archive|1|0|0|1|0.17|0.38|2|53,161
女生阳台|0.231|0.100|archived|archive|1|0|0|1|0.17|0.38|1|86
票务台|0.231|0.101|archived|archive|1|0|0|1|0.17|0.38|1|172
卡尔顿山|0.231|0.285|archived|archive|1|0|1|2|0.33|0.00|2|112,117
公爵门|0.231|0.104|archived|archive|1|0|1|2|0.33|0.00|1|117
知道村|0.231|0.092|archived|archive|1|0|1|2|0.33|0.00|1|18
主控台|0.194|0.450|archived|archive|1|0|0|1|0.17|0.25|5|221,222
布兰登镇|0.194|0.101|archived|archive|1|0|0|1|0.17|0.25|1|171
隔壁楼|0.194|0.100|archived|archive|1|0|0|1|0.17|0.25|1|179
禁闭室门|0.194|0.102|archived|archive|1|0|0|1|0.17|0.25|1|161
楼顶平台|0.194|0.095|archived|archive|1|0|0|1|0.17|0.25|1|215
手撑台|0.194|0.092|archived|archive|1|0|0|1|0.17|0.25|1|22
书报亭|0.194|0.097|archived|archive|1|0|0|1|0.17|0.25|1|197
操控台|0.157|0.098|archived|archive|1|0|0|1|0.17|0.13|1|196
背手关|0.119|0.285|archived|archive|1|0|0|1|0.17|0.00|2|53,110
鸡鸣山|0.119|0.182|archived|archive|1|0|0|1|0.17|0.00|2|0
暗处观|0.119|0.099|archived|archive|1|0|0|1|0.17|0.00|1|186
监考区城|0.119|0.095|archived|archive|1|0|0|1|0.17|0.00|1|218
金属塔|0.119|0.097|archived|archive|1|0|0|1|0.17|0.00|1|202
某个城|0.119|0.092|archived|archive|1|0|0|1|0.17|0.00|1|17
某扇门|0.119|0.100|archived|archive|1|0|0|1|0.17|0.00|1|85
高楼天台|0.037|0.100|archived|archive|0|0|0|0|0.00|0.13|1|88
大理|0.000|0.103|archived|archive|0|0|0|0|0.00|0.00|1|154
[分层统计] core=0 supporting=0 candidate=34 archived=29
[分流统计] main=0 staging=34 archive=29

=== ITEM (6条) ===
实体|重要性|置信度|分层|分流|因果|唯一|转折|storyScore|storyValue|呈现价值|提及|章节
黑影在灯|0.381|0.103|candidate|staging|1|0|1|2|0.33|0.50|1|107
银勺银叉|0.344|0.092|candidate|staging|1|0|0|1|0.17|0.75|1|257
黑婆眼珠|0.306|0.092|candidate|staging|1|0|1|2|0.33|0.25|1|5
红色警报灯|0.231|0.094|archived|archive|1|0|1|2|0.33|0.00|1|222
蓝色的眼珠|0.157|0.288|archived|archive|1|0|0|1|0.17|0.13|2|132,135
阴魂不散|0.157|0.105|archived|archive|1|0|0|1|0.17|0.13|1|143
[分层统计] core=0 supporting=0 candidate=3 archived=3
[分流统计] main=0 staging=3 archive=3

=== EVENT (0条) ===
实体|重要性|置信度|分层|分流|因果|唯一|转折|storyScore|storyValue|呈现价值|提及|章节
[分层统计] core=0 supporting=0 candidate=0 archived=0
[分流统计] main=0 staging=0 archive=0
