# 实体重要性分析报告
# 格式: 实体|重要性|置信度|分层|分流|因果|唯一|转折|storyScore|storyValue|呈现价值|提及|章节
# 分层: core=核心 / supporting=支撑 / candidate=候选 / archived=归档
# 分流: main=主表 / staging=暂存区 / archive=归档
# Importance = 0.7 × storyValue + 0.3 × productionValue
# storyValue: 三支柱 storyScore(0-6) 查表/归一化后的故事评分
# 置信度: 基于出现次数、位置特征、分布广度、语义段落、基础统计量
# 三支柱: 因果必要性(行为驱动+不可替代) + 信息唯一性(语义相似度反向) + 状态转折性(情感+关系+转折词)

=== CHARACTER (190条) ===
实体|重要性|置信度|分层|分流|因果|唯一|转折|storyScore|storyValue|呈现价值|提及|章节
龙雨雪|0.650|0.653|supporting|main|2|0|1|3|0.50|1.00|534|790,791,792,793,794,795,796,797,798,799,801,802,803,804,805,806,807,808,809,810,811,812,813,819,825,826,828,833,834,835,840,841,864,865,866,867,868,869,870,871,872,873,875,876,877,878,879,880,881,882,883,884,885,886,887,893,899,900,902,907,908,909,914,915,918,922,925,926,934,973,974,977,978,979,981,989,996,997,1002,1010,1011,1012,1016,1025,1045,1051,1052,1053,1177,1197,1242,1402,1512,1513,1584
张扬子|0.650|0.480|supporting|main|2|0|1|3|0.50|1.00|77|100,101,102,103,104,107,110,111,113,114,115,124,126,128,130,133,135,136,137,138,139,140,143,145,146,147,149,150,151,152,153,154,160,182,434,1696
谢邂嘿|0.650|0.322|supporting|main|2|0|1|3|0.50|1.00|29|70,72,79,97,121,135,139,194,221,233,237,238,266,277,291,292,492,494,528,534,546,624,626,718,719,1043,1216,1336,1664
龙威|0.650|0.330|supporting|main|2|0|1|3|0.50|1.00|28|119,120,205,257,969,970,977,1001,1006,1038,1039,1045,1049,1056,1064,1066,1262,1693
金鳞|0.650|0.328|supporting|main|2|0|1|3|0.50|1.00|23|50,55,78,79,82,113,219,225,258,262,328,343
毕竟|0.632|0.816|supporting|main|2|0|1|3|0.50|0.94|299|5,19,35,37,45,60,62,68,71,78,84,86,92,95,106,107,108,109,111,115,128,135,139,144,147,163,172,175,183,191,196,201,209,216,222,228,230,231,238,277,317,324,332,358,375,378,380,387,419,421,422,424,431,432,439,441,451,459,476,479,480,482,486,487,496,499,500,504,510,530,534,537,538,543,550,553,555,559,560,561,563,573,576,589,596,609,618,624,635,654,658,661,665,681,682,699,700,702,717,720,737,741,745,751,756,764,766,772,798,803,812,816,824,836,839,846,872,877,886,890,898,910,913,920,922,925,942,955,957,968,974,978,979,993,998,1005,1008,1013,1029,1040,1041,1043,1045,1048,1050,1053,1056,1057,1058,1059,1060,1061,1064,1066,1072,1074,1149,1152,1153,1155,1156,1160,1172,1173,1176,1177,1179,1181,1187,1190,1194,1198,1203,1206,1213,1218,1231,1233,1237,1243,1248,1256,1262,1263,1265,1274,1292,1295,1299,1305,1312,1314,1316,1317,1319,1327,1328,1329,1333,1334,1338,1341,1342,1346,1347,1350,1351,1358,1359,1362,1363,1368,1381,1389,1393,1401,1414,1422,1426,1435,1436,1446,1447,1466,1470,1478,1482,1483,1484,1492,1498,1499,1503,1505,1508,1512,1521,1528,1547,1548,1562,1578,1592,1599,1601,1609,1616,1623,1640,1646,1651,1654,1659,1668,1677,1682,1685,1690,1694,1699,1704
平静|0.613|0.680|supporting|main|2|0|1|3|0.50|0.88|129|10,62,63,65,87,88,94,96,97,100,124,160,244,246,251,253,272,286,293,297,305,319,320,329,352,379,381,383,386,417,424,467,473,483,488,501,505,510,525,530,532,534,555,565,566,577,604,609,619,653,660,751,789,863,981,988,1016,1042,1045,1051,1053,1056,1058,1059,1060,1069,1071,1072,1073,1074,1145,1208,1222,1223,1231,1235,1306,1311,1314,1315,1317,1326,1329,1332,1335,1336,1339,1351,1353,1364,1400,1408,1449,1486,1509,1511,1515,1535,1549,1578,1582,1592,1613,1614,1617,1623,1637,1643,1674,1681,1682,1693,1696,1702,1703,1705
杨念夏|0.613|0.584|supporting|main|2|0|1|3|0.50|0.88|127|308,309,310,311,312,313,314,315,316,319,321,322,377,378,381,385,386,387,388,392,393,394,395,397,400,1020,1023,1024,1025,1044,1388,1389,1393,1396
谢谢|0.613|0.507|supporting|main|2|0|1|3|0.50|0.88|111|17,33,34,50,51,52,60,68,75,100,108,111,115,155,168,183,187,189,190,245,274,281,287,330,345,356,360,373,382,394,415,427,515,532,534,546,592,593,594,607,608,616,617,624,625,628,632,636,644,647,648,656,663,694,709,722,725,764,767,773,826,847,900,918,925,963,964,971,981,993,1002,1168,1172,1176,1183,1220,1269,1288,1296,1304,1312,1317,1337,1352,1383,1392,1395,1478,1482,1485,1509,1596,1630,1666,1669,1695,1698
任务|0.613|0.414|supporting|main|2|0|1|3|0.50|0.88|110|9,41,59,62,71,91,94,96,116,117,181,182,189,203,232,271,289,291,295,296,297,298,303,304,306,322,342,407,414,421,425,480,498,500,519,533,576,577,585,627,652,659,679,701,703,704,706,708,709,710,795,796,798,814,822,828,869,870,872,888,896,902,925,978,984,985,991,992,1018,1026,1036,1045,1055,1060,1344,1351,1395,1399,1450,1515,1547,1548,1601
鲁妮|0.613|0.349|supporting|main|2|0|1|3|0.50|0.88|40|802,803,804,805,876,877,878,879
乐正宇|0.601|0.735|supporting|main|2|0|1|3|0.50|0.84|593|294,304,305,306,308,322,323,324,328,329,330,335,336,350,351,352,353,354,355,356,358,359,360,361,365,366,370,371,372,374,375,395,396,405,407,409,432,462,466,476,480,482,488,490,492,494,501,502,503,504,507,509,510,512,513,514,515,516,518,546,547,554,556,557,563,568,572,581,592,593,596,600,602,603,605,606,607,622,632,633,636,637,638,641,643,644,645,646,647,648,649,650,651,652,653,655,656,657,659,660,662,663,664,667,668,680,687,691,697,698,699,701,702,703,718,719,720,722,724,725,733,751,753,760,768,772,842,846,921,925,1035,1036,1037,1038,1039,1040,1041,1043,1044,1045,1046,1047,1048,1049,1050,1053,1064,1065,1067,1177,1195,1200,1213,1214,1215,1216,1226,1227,1229,1231,1234,1291,1330,1335,1345,1393,1421,1426,1431,1432,1433,1434,1460,1461,1462,1463,1665,1666,1669,1683,1684,1686
金龙王|0.600|0.676|supporting|main|2|0|1|3|0.50|0.83|304|87,88,93,95,107,115,128,132,144,187,232,234,255,263,326,342,351,365,367,406,410,411,425,427,437,461,463,466,468,474,480,490,491,503,504,508,514,516,517,520,539,541,553,583,584,586,589,591,620,621,624,628,635,640,643,645,646,668,680,696,715,716,727,762,768,778,800,817,824,825,828,836,837,842,852,874,891,898,899,902,910,911,916,919,921,925,927,928,929,931,935,936,937,938,939,962,964,966,968,970,975,978,997,1001,1002,1004,1005,1008,1009,1010,1021,1031,1040,1041,1045,1048,1057,1058,1060,1067,1070,1071,1072,1073,1075,1148,1161,1162,1163,1164,1165,1166,1179,1190,1191,1198,1216,1231,1233,1255,1294,1302,1304,1314,1325,1332,1333,1346,1349,1350,1351,1385,1395,1443,1448,1454,1477,1487,1489,1555,1556,1560,1564,1566,1637,1642,1649,1650,1652,1655,1656,1659,1690,1691,1693,1696,1700,1701
施展|0.577|0.747|supporting|main|2|0|1|3|0.50|0.76|176|55,68,78,81,82,102,106,107,111,130,138,146,153,177,205,219,220,224,227,271,272,312,318,320,344,363,366,372,373,388,392,406,458,460,480,489,494,506,508,514,523,524,525,527,532,537,540,541,542,549,560,563,571,572,573,632,635,639,640,641,642,719,720,740,798,872,920,924,925,927,928,933,937,938,967,970,1007,1022,1023,1042,1045,1047,1048,1055,1056,1064,1067,1070,1073,1149,1163,1167,1169,1172,1178,1179,1187,1188,1214,1231,1246,1259,1260,1265,1269,1276,1296,1303,1309,1314,1335,1366,1373,1426,1429,1434,1454,1457,1501,1503,1540,1581,1615,1617,1629,1643,1648,1652,1686,1688,1690,1704
欧阳紫|0.575|0.599|supporting|main|2|0|1|3|0.50|0.75|94|108,118,119,121,132,149,154,155,156,182,184,185,244,245,246
时此刻|0.575|0.471|supporting|main|2|0|1|3|0.50|0.75|56|108,279,513,514,515,562,572,607,609,615,686,688,729,730,740,814,888,927,932,934,950,963,988,989,1010,1014,1184,1246,1290,1291,1296,1341,1347,1359,1394,1407,1418,1423,1424,1454,1472,1521,1563,1575,1579,1592,1598,1604,1616,1617,1640,1666,1696,1700,1703
阳紫馨|0.575|0.331|supporting|main|2|0|1|3|0.50|0.75|55|108,118,119,121,132,154,155,156,184,245
时候已|0.575|0.530|supporting|main|2|0|1|3|0.50|0.75|49|13,21,28,48,55,74,131,168,188,208,211,219,256,294,317,393,398,419,425,431,432,463,469,474,490,493,500,536,614,725,759,774,805,808,848,879,882,926,986,1058,1068,1204,1341,1348,1393,1601
郑怡然|0.575|0.314|supporting|main|2|0|1|3|0.50|0.75|37|309,310,312,321,378,379,391,392,393,394,395,397,400,601,1021,1393,1433
罗雅莉|0.575|0.334|supporting|main|2|0|1|3|0.50|0.75|26|404,410,411,611,729,753,754,983,1051,1176,1189,1304,1367,1384,1454,1546,1606,1611,1613,1622,1624,1628,1639,1668
常情况|0.575|0.337|supporting|main|2|0|1|3|0.50|0.75|25|17,91,131,135,149,163,174,237,242,257,260,262,526,565,581,685,700,836,910,925,1030,1314,1348,1535,1683
方面|0.574|0.664|supporting|main|2|0|1|3|0.50|0.75|158|22,44,70,92,107,111,115,134,144,155,174,184,195,200,205,245,272,274,275,286,297,306,307,319,321,323,324,325,333,334,335,352,369,377,378,399,400,414,424,428,437,438,445,458,464,479,486,489,495,526,544,550,553,558,566,603,624,627,634,646,702,707,708,709,710,722,790,802,817,833,834,838,864,876,891,907,908,912,916,921,924,925,950,954,985,988,995,1019,1024,1032,1045,1050,1055,1056,1058,1062,1160,1163,1172,1188,1205,1209,1212,1215,1243,1250,1255,1256,1258,1273,1293,1317,1350,1353,1356,1357,1365,1380,1392,1433,1442,1452,1500,1505,1507,1510,1512,1514,1522,1546,1567,1623,1626,1666
司马金|0.573|0.654|supporting|main|2|0|1|3|0.50|0.74|666|919,921,925,927,929,930,935,962,967,968,969,970,971,973,974,975,976,977,978,979,981,1003,1004,1005,1006,1007,1008,1009,1010,1024,1025,1043,1044,1045,1046,1047,1048,1049,1050,1051,1053,1056,1064,1065,1067,1068,1175,1181,1213,1218,1228,1229,1230,1231,1233,1234,1237,1242,1307,1331,1332,1333,1375,1376,1377,1378,1380,1416,1420,1423,1429,1432,1435,1439,1440,1441,1442,1443,1447,1448,1449,1452,1453,1455,1456,1459,1460,1462,1463,1485,1486,1570,1576,1577,1583,1612,1631,1632,1635,1636,1647,1669,1674,1683,1684,1685,1686,1688,1689
何等|0.563|0.723|supporting|main|2|0|1|3|0.50|0.71|136|29,54,126,136,142,173,251,253,320,335,341,368,387,406,426,442,477,483,489,499,509,511,544,552,553,561,569,581,599,617,621,622,625,632,709,713,739,745,746,750,764,824,830,837,898,904,911,925,932,970,971,973,996,999,1001,1007,1011,1012,1014,1018,1021,1028,1032,1045,1052,1055,1056,1058,1060,1074,1160,1178,1180,1184,1218,1222,1226,1228,1234,1244,1295,1298,1299,1314,1333,1337,1340,1345,1400,1402,1406,1415,1486,1487,1490,1496,1499,1506,1521,1542,1557,1564,1586,1590,1591,1600,1601,1623,1625,1635,1651,1658,1681,1693,1694,1700,1703
龙跃|0.562|0.647|supporting|main|2|0|1|3|0.50|0.71|345|501,502,503,504,505,507,508,509,510,511,512,513,514,515,516,521,522,524,525,526,528,529,532,533,534,536,538,541,544,545,546,547,548,549,550,551,552,553,554,555,556,557,558,559,560,564,565,566,567,568,569,570,571,572,574,575,576,585,588,593,594,595,601,602,603,606,610,612,613,614,619,623,925,983,1043,1160,1163,1178,1182,1697,1700
沈熠|0.554|0.620|supporting|main|2|0|1|3|0.50|0.68|195|217,219,220,228,229,230,251,252,253,254,255,256,259,260,261,264,265,266,267,268,269,271,272,273,274,275,279,280,281,286,287,288,289,290,295,296,297,298,307,308,311,313,321,324,325,326,327,330,342,377,378,379,380,381,383,394,397,398,399,401,403,404,412,453
尤其是|0.553|0.584|supporting|main|2|0|1|3|0.50|0.68|116|26,40,48,92,101,123,126,130,177,180,181,185,199,201,205,211,221,305,334,368,395,403,458,486,497,505,506,549,552,561,567,603,604,605,617,624,639,652,659,697,790,791,792,800,822,864,865,866,874,896,917,918,925,929,958,967,997,1019,1024,1034,1042,1043,1045,1051,1145,1151,1178,1217,1235,1237,1249,1264,1274,1277,1281,1285,1306,1309,1313,1314,1317,1332,1339,1353,1361,1364,1384,1388,1389,1391,1393,1414,1415,1436,1453,1455,1485,1487,1508,1549,1573,1575,1583,1598,1604,1629,1662
云儿|0.553|0.656|supporting|main|2|0|1|3|0.50|0.68|257|486,487,496,497,500,501,502,504,507,509,510,521,528,529,530,531,532,542,547,550,565,566,567,568,570,583,584,585,586,587,588,589,590,591,593,594,602,605,609,611,614,617,622,623,1043,1172,1182,1183,1189,1190,1192,1193,1194,1195,1306,1312,1654,1662
于唐舞|0.548|0.510|supporting|main|2|0|1|3|0.50|0.66|111|16,33,46,54,59,101,131,136,154,155,170,179,183,184,205,208,225,233,239,246,249,251,257,278,281,295,299,303,307,313,318,344,349,364,377,380,384,385,425,438,529,555,575,577,584,618,628,633,696,713,748,749,757,765,920,955,960,963,964,975,983,989,996,998,999,1007,1020,1030,1031,1036,1056,1060,1073,1154,1197,1240,1243,1244,1306,1314,1341,1342,1348,1350,1380,1389,1399,1418,1447,1479,1482,1513,1546,1590,1607,1670,1680,1694
唐三|0.546|0.670|supporting|main|2|0|1|3|0.50|0.65|161|167,262,324,334,374,473,488,548,631,692,714,767,982,1075,1193,1199,1208,1217,1233,1272,1273,1313,1314,1337,1349,1350,1392,1414,1468,1477,1484,1508,1553,1555,1563,1564,1565,1566,1568,1578,1579,1580,1581,1582,1583,1590,1591,1594,1607,1608,1615,1633,1634,1639,1655,1656,1657,1660,1663,1691
于史莱|0.544|0.566|supporting|main|2|0|1|3|0.50|0.65|108|185,198,199,201,206,207,211,212,216,247,262,264,295,297,307,362,399,420,421,445,449,451,452,455,460,515,532,539,544,568,577,593,596,599,648,659,666,734,769,773,807,809,822,823,843,847,881,883,896,897,925,934,994,1018,1019,1020,1027,1029,1036,1050,1056,1058,1059,1060,1149,1226,1229,1235,1244,1341,1346,1350,1352,1358,1364,1368,1387,1397,1412,1436,1470,1471,1482,1491,1492,1590,1630,1644
沈星|0.537|0.628|supporting|main|2|0|1|3|0.50|0.63|133|683,684,685,699,700,701,702,757,988,989,993,994,996,997,1417,1418,1419,1420,1421,1474
何尝|0.537|0.348|supporting|main|2|0|1|3|0.50|0.63|60|95,141,154,187,203,222,265,323,404,504,526,549,559,616,619,649,709,718,752,921,925,930,931,958,989,1008,1015,1020,1027,1044,1051,1052,1058,1073,1181,1183,1204,1209,1216,1218,1279,1363,1387,1404,1428,1438,1473,1500,1513,1528,1563,1599,1601,1627,1633,1644,1679,1694,1698
水面|0.537|0.341|supporting|main|2|0|1|3|0.50|0.63|28|339,466,468,469,475,602,610,769,843,1010,1011,1013,1060,1195,1198,1220,1350,1352,1461,1463,1521,1568,1621,1661,1697
唐门弟|0.537|0.333|supporting|main|2|0|1|3|0.50|0.63|26|215,233,394,468,509,515,528,540,549,562,576,577,583,714,788,862,935,968,1033,1182,1217,1218,1219,1408
时还|0.536|0.570|supporting|main|2|0|1|3|0.50|0.62|89|67,73,87,116,125,130,173,184,185,206,210,215,232,259,269,278,292,298,301,314,316,348,408,409,424,450,476,495,496,498,526,549,551,559,560,564,610,640,644,709,716,747,760,764,774,799,825,832,834,837,848,873,899,906,908,911,933,983,986,1014,1059,1184,1189,1196,1202,1204,1210,1258,1295,1312,1314,1320,1343,1344,1352,1390,1399,1424,1428,1446,1461,1502,1503,1526,1559,1617
余冠志|0.534|0.674|supporting|main|2|0|1|3|0.50|0.61|147|1505,1506,1507,1509,1510,1511,1514,1516,1517,1519,1520,1524,1525,1526,1528,1535,1536,1537,1540,1541,1545,1562,1563,1569,1572,1585,1591,1609,1610,1611,1620,1643,1645,1690,1692,1693
平时|0.532|0.640|supporting|main|2|0|1|3|0.50|0.61|86|11,29,60,87,88,92,113,134,137,143,152,160,164,166,188,202,203,206,207,248,253,261,281,338,351,358,395,397,412,422,440,476,478,497,505,510,512,551,567,579,593,607,618,621,626,627,641,703,747,789,790,813,863,864,887,927,964,968,1007,1184,1226,1241,1320,1354,1358,1363,1385,1393,1408,1426,1441,1470,1473,1494,1504,1534,1649,1667
唐舞麟|0.531|0.861|supporting|main|2|0|0|2|0.33|1.00|12298|1,2,3,4,5,6,7,8,9,10,11,12,13,14,15,16,17,18,19,20,21,22,23,24,25,26,27,28,29,30,31,32,33,34,35,36,37,38,39,40,41,42,43,44,45,46,47,48,49,50,51,52,53,54,55,56,57,58,59,60,61,62,63,65,66,67,68,69,70,71,72,73,74,75,76,77,78,79,80,81,82,83,85,86,87,88,89,90,91,92,93,94,95,96,97,98,99,100,101,102,103,104,105,106,107,108,109,110,111,112,113,114,115,116,117,118,119,120,121,122,123,124,126,127,128,129,130,131,132,133,134,135,136,137,138,139,140,141,142,143,144,145,146,147,148,149,150,151,152,153,154,155,156,157,158,159,160,161,162,163,164,165,166,167,168,169,170,171,172,173,174,175,176,177,178,179,180,181,182,183,184,185,186,187,188,189,190,191,192,193,194,195,196,197,198,199,200,201,202,203,204,205,206,207,208,209,210,211,212,213,214,215,216,217,218,219,220,221,223,224,225,226,227,228,230,231,232,233,234,235,236,237,238,239,240,241,242,243,244,245,246,247,248,249,250,251,253,254,255,256,257,258,259,260,261,262,263,265,266,267,268,269,270,271,272,273,274,275,276,277,278,279,280,281,282,283,284,285,286,287,288,289,290,291,292,293,294,295,296,298,299,300,301,302,303,304,305,306,307,308,310,311,312,313,314,315,316,317,318,319,320,321,322,323,324,325,326,327,328,329,330,331,332,333,334,335,336,337,338,339,340,341,342,343,344,345,346,347,348,349,350,351,352,353,354,355,356,357,358,359,360,361,362,363,364,365,366,367,368,369,370,371,372,373,374,375,376,377,378,379,380,381,382,383,384,385,386,387,388,389,390,391,393,394,395,396,397,398,399,400,401,402,403,404,405,406,407,408,409,410,411,412,413,414,415,416,417,418,419,420,421,422,423,424,425,426,427,428,429,430,431,432,433,434,435,436,437,438,439,440,441,442,443,444,445,446,447,448,449,450,451,452,453,454,455,456,457,458,459,460,461,462,463,464,465,466,467,468,469,470,471,472,473,474,475,476,477,478,479,480,481,482,483,484,485,486,487,488,489,490,491,492,493,494,495,496,497,498,499,500,501,502,503,504,505,506,507,508,509,510,513,514,515,516,517,518,519,520,521,522,523,524,526,528,529,530,531,532,533,534,538,539,540,541,542,543,544,545,546,547,548,549,550,551,552,553,554,555,556,557,558,559,560,565,566,567,568,569,570,571,572,573,574,575,576,577,578,579,580,581,583,584,585,586,587,588,589,590,591,592,593,594,595,596,602,603,604,605,606,607,610,611,614,616,617,618,619,621,622,623,624,625,626,627,628,629,630,631,632,633,634,635,636,637,638,639,640,641,642,643,644,645,646,647,648,649,650,651,652,653,654,655,656,658,659,660,661,662,663,665,666,667,668,669,670,671,672,673,674,675,676,677,678,679,682,683,684,685,686,687,688,689,690,693,694,695,696,697,698,699,700,701,702,703,704,705,706,707,708,709,710,711,712,713,714,715,716,717,718,719,720,721,722,724,725,726,727,728,729,730,731,732,735,736,737,738,739,740,741,742,743,744,746,747,748,749,750,751,752,753,754,755,756,757,758,759,760,762,763,764,765,768,769,770,771,772,773,774,775,776,777,778,779,780,781,782,783,784,785,786,787,788,789,790,791,792,793,794,795,796,797,798,799,800,801,802,803,804,805,806,807,808,809,810,811,812,813,814,815,816,817,818,819,820,821,822,823,824,825,826,827,828,829,830,831,832,833,834,835,836,837,838,839,840,841,842,843,844,845,846,847,848,849,850,851,852,853,854,855,856,857,858,859,860,861,862,863,864,865,866,867,868,869,870,871,872,873,874,875,876,877,878,879,880,881,882,883,884,885,886,887,888,889,890,891,892,893,894,895,896,897,898,899,900,901,902,903,904,905,906,907,908,909,910,911,912,913,914,915,916,917,918,919,920,921,922,923,924,925,926,927,928,929,930,931,932,933,934,935,936,937,938,939,942,944,946,947,948,949,950,951,952,953,954,955,956,958,959,960,961,962,963,964,965,966,968,969,970,971,972,973,974,975,976,977,978,979,980,981,982,983,984,985,986,987,988,989,990,991,992,993,994,995,996,997,998,999,1000,1001,1002,1003,1004,1005,1006,1007,1008,1009,1010,1011,1012,1013,1014,1015,1016,1017,1018,1019,1020,1021,1022,1023,1024,1025,1026,1027,1028,1029,1030,1031,1032,1033,1034,1035,1036,1037,1038,1039,1040,1041,1042,1043,1044,1045,1046,1047,1048,1049,1050,1051,1052,1053,1054,1055,1056,1057,1058,1059,1060,1061,1062,1063,1064,1065,1066,1067,1068,1069,1070,1071,1072,1073,1074,1075,1145,1146,1147,1148,1149,1150,1151,1152,1153,1154,1155,1156,1157,1158,1159,1160,1161,1162,1163,1164,1165,1166,1167,1168,1169,1171,1172,1173,1174,1175,1176,1177,1178,1179,1180,1181,1182,1183,1185,1186,1187,1188,1189,1190,1191,1192,1193,1194,1195,1196,1197,1198,1199,1202,1203,1204,1206,1207,1208,1209,1210,1213,1214,1215,1216,1217,1218,1219,1223,1227,1228,1229,1230,1231,1232,1233,1234,1235,1236,1237,1238,1239,1240,1242,1243,1244,1245,1246,1247,1248,1249,1250,1251,1253,1254,1255,1256,1257,1258,1259,1260,1261,1262,1263,1264,1265,1266,1267,1268,1269,1270,1271,1272,1273,1274,1275,1276,1277,1279,1280,1281,1282,1283,1284,1285,1286,1287,1288,1289,1290,1291,1292,1293,1294,1296,1297,1298,1299,1300,1301,1302,1303,1304,1305,1306,1307,1308,1309,1310,1311,1312,1313,1314,1315,1316,1317,1318,1319,1320,1321,1322,1323,1324,1325,1326,1327,1328,1329,1330,1332,1333,1334,1335,1336,1337,1338,1340,1341,1342,1344,1346,1348,1349,1350,1351,1352,1353,1354,1355,1357,1358,1360,1362,1363,1364,1365,1366,1367,1368,1370,1371,1374,1375,1377,1378,1379,1380,1381,1382,1383,1384,1385,1386,1387,1388,1389,1394,1395,1396,1397,1398,1399,1400,1401,1402,1403,1404,1405,1408,1409,1410,1411,1412,1413,1414,1415,1416,1417,1418,1419,1420,1421,1422,1423,1424,1425,1426,1427,1428,1429,1430,1431,1432,1433,1434,1435,1436,1437,1438,1439,1440,1441,1442,1443,1444,1445,1446,1447,1448,1449,1450,1452,1453,1454,1455,1457,1458,1460,1461,1462,1463,1464,1465,1466,1467,1468,1469,1470,1471,1472,1473,1475,1476,1477,1478,1479,1480,1481,1482,1483,1484,1485,1486,1487,1488,1489,1490,1492,1495,1496,1497,1498,1499,1500,1501,1502,1503,1504,1505,1506,1507,1508,1509,1511,1512,1513,1514,1515,1517,1518,1519,1520,1521,1522,1523,1524,1526,1528,1534,1535,1536,1537,1538,1539,1540,1541,1542,1543,1544,1545,1546,1547,1548,1549,1550,1551,1552,1553,1554,1555,1556,1557,1558,1559,1560,1561,1562,1563,1564,1565,1566,1581,1582,1583,1586,1590,1591,1593,1594,1595,1597,1598,1599,1600,1602,1604,1606,1607,1608,1609,1610,1611,1612,1613,1614,1615,1618,1621,1623,1627,1628,1629,1630,1631,1632,1633,1634,1635,1636,1637,1638,1639,1641,1642,1643,1645,1648,1649,1650,1651,1652,1653,1654,1655,1656,1657,1658,1659,1662,1663,1664,1665,1668,1670,1671,1672,1673,1674,1675,1676,1678,1679,1680,1681,1682,1683,1684,1685,1686,1687,1688,1689,1690,1691,1692,1693,1694,1695,1696,1697,1699,1700,1701,1702,1703,1704,1705
谢邂|0.531|0.823|supporting|main|2|0|0|2|0.33|1.00|1581|38,39,44,45,46,47,48,49,50,51,52,53,54,55,56,57,60,61,62,63,64,65,66,67,68,69,70,72,73,74,75,76,77,78,79,80,81,82,83,86,88,89,90,91,93,97,99,100,101,102,103,104,108,109,110,111,112,113,118,119,120,121,122,125,126,127,128,129,130,132,133,134,135,136,137,138,139,140,141,142,144,145,146,147,149,151,152,155,156,157,159,160,165,177,182,183,184,185,186,187,190,191,192,193,194,195,196,197,198,199,200,205,206,207,213,214,215,216,217,218,220,221,223,224,225,227,230,231,232,233,234,235,237,238,239,240,241,242,243,244,245,246,247,248,251,253,254,255,256,257,258,259,260,261,262,264,265,266,267,268,270,271,272,275,276,277,278,279,280,281,282,286,287,289,290,291,292,293,294,295,296,297,298,299,304,306,307,310,311,317,318,319,321,322,327,328,329,330,332,333,335,336,340,346,347,352,353,354,355,356,358,359,361,362,364,365,366,370,371,372,373,376,377,379,380,381,382,384,385,386,387,388,389,390,394,396,398,404,406,409,412,429,430,432,433,434,435,436,438,439,441,443,444,446,447,448,450,451,452,453,454,457,459,464,465,467,476,479,480,482,485,488,489,490,492,493,494,501,502,504,505,506,510,515,516,518,525,526,528,529,530,534,536,537,538,544,545,546,552,557,558,559,561,567,568,569,576,582,592,593,594,596,601,602,603,607,612,614,615,616,617,622,624,625,626,632,636,637,638,641,649,650,651,652,654,655,656,657,658,659,661,662,663,664,665,666,667,668,669,671,675,679,687,688,689,690,697,698,701,702,703,718,719,720,721,726,751,752,759,768,842,1018,1043,1044,1045,1047,1048,1049,1050,1051,1053,1056,1060,1177,1189,1195,1196,1199,1200,1201,1202,1203,1206,1207,1209,1213,1214,1215,1216,1219,1225,1226,1227,1229,1232,1234,1239,1240,1251,1291,1292,1294,1296,1300,1312,1316,1317,1323,1327,1331,1334,1335,1336,1337,1338,1339,1341,1342,1353,1393,1421,1424,1425,1426,1428,1432,1434,1453,1460,1461,1462,1548,1549,1600,1630,1664,1667,1668,1669,1670,1685,1686,1688,1696
史莱克|0.531|0.853|supporting|main|2|0|0|2|0.33|1.00|1548|106,109,132,138,150,164,167,191,194,195,199,200,202,203,204,207,211,213,214,220,221,222,226,232,233,244,245,246,247,248,249,251,252,253,255,256,257,259,262,263,264,265,268,270,271,272,275,281,282,283,284,285,287,291,292,293,294,295,296,297,301,302,303,304,305,306,307,308,309,313,314,316,322,323,325,326,327,328,333,334,335,338,339,340,341,342,343,345,349,353,355,356,359,360,373,374,376,377,381,384,385,396,397,398,399,401,412,413,414,415,416,418,420,421,425,427,429,435,440,441,443,444,445,446,447,449,450,451,453,454,455,456,458,460,461,470,473,475,476,477,478,479,482,485,486,488,489,490,491,492,493,494,496,497,500,501,502,504,505,506,507,508,509,510,511,512,513,515,518,521,522,524,525,526,528,529,530,532,533,536,538,539,544,545,546,547,549,551,553,555,556,557,558,559,561,564,565,568,569,570,572,575,576,577,587,589,590,591,593,594,596,598,599,602,603,605,607,608,611,613,616,619,622,624,626,628,630,631,632,633,635,637,639,644,645,647,648,650,651,652,653,654,657,659,660,661,664,666,668,671,673,674,681,683,687,693,697,699,702,706,709,710,714,720,726,727,728,729,730,731,732,733,734,736,740,742,746,750,751,752,753,755,756,757,758,766,769,770,771,773,779,790,794,804,812,823,826,843,844,845,847,853,864,868,878,886,897,900,919,925,926,929,934,968,980,981,983,989,992,994,995,996,997,1003,1005,1010,1011,1012,1014,1015,1016,1017,1018,1019,1020,1024,1025,1027,1028,1029,1030,1032,1033,1035,1036,1037,1039,1040,1041,1042,1043,1044,1045,1046,1049,1050,1051,1054,1055,1056,1058,1059,1060,1068,1072,1074,1167,1171,1172,1176,1181,1182,1184,1186,1193,1215,1216,1218,1219,1220,1221,1222,1223,1224,1225,1226,1227,1228,1229,1230,1231,1232,1233,1234,1235,1237,1238,1239,1241,1242,1243,1244,1251,1253,1258,1261,1270,1274,1275,1277,1278,1279,1298,1300,1310,1311,1312,1314,1317,1318,1319,1330,1331,1332,1333,1334,1335,1336,1337,1341,1342,1345,1346,1350,1351,1352,1353,1354,1355,1356,1357,1358,1359,1360,1361,1362,1363,1364,1366,1368,1370,1374,1375,1378,1381,1383,1384,1387,1388,1389,1390,1391,1392,1393,1394,1395,1396,1397,1398,1400,1401,1402,1403,1407,1408,1410,1418,1424,1426,1428,1429,1431,1436,1437,1440,1445,1449,1450,1451,1452,1453,1454,1456,1458,1460,1467,1470,1471,1476,1482,1483,1484,1485,1486,1487,1488,1489,1490,1491,1492,1496,1497,1500,1501,1504,1505,1506,1508,1509,1512,1520,1521,1522,1526,1528,1534,1535,1539,1541,1542,1544,1548,1549,1562,1567,1570,1576,1578,1581,1583,1588,1590,1598,1601,1603,1604,1609,1610,1611,1612,1613,1622,1623,1624,1629,1630,1631,1635,1636,1644,1646,1647,1651,1655,1656,1661,1662,1663,1665,1669,1670,1672,1674,1678,1679,1680,1683,1684,1685,1690,1691,1693,1694,1696,1698
金龙|0.531|0.839|supporting|main|1|0|1|2|0.33|1.00|917|87,88,93,95,104,106,107,127,128,129,132,138,144,148,163,186,187,193,205,213,214,216,219,225,232,234,241,243,247,255,258,259,263,278,319,326,328,329,341,342,344,346,351,363,365,367,371,402,406,425,427,432,437,447,457,461,463,466,468,471,474,480,488,489,490,491,496,498,499,502,503,504,505,508,514,516,517,520,523,531,537,539,540,541,542,547,550,553,566,571,572,573,574,575,583,584,586,587,589,591,614,619,620,621,624,628,635,639,640,641,643,644,645,646,668,670,672,673,680,681,683,696,707,708,710,711,715,716,719,720,721,722,724,725,727,730,737,749,759,762,768,778,788,789,797,800,806,807,809,810,811,814,815,816,817,818,819,820,822,824,825,828,830,831,834,836,837,838,839,840,841,842,852,862,863,871,874,880,881,883,884,885,888,889,890,891,892,893,894,896,898,899,902,904,905,908,910,911,912,913,914,915,916,917,918,919,920,921,922,925,927,928,929,930,931,932,933,935,936,937,938,939,948,952,953,954,960,962,963,964,966,968,970,975,977,978,990,1001,1002,1004,1005,1006,1008,1009,1010,1021,1022,1031,1037,1038,1039,1040,1041,1045,1047,1048,1049,1056,1057,1058,1060,1062,1064,1065,1066,1067,1070,1072,1073,1075,1148,1149,1152,1157,1161,1162,1163,1164,1165,1166,1173,1179,1180,1181,1188,1190,1191,1198,1210,1215,1216,1230,1231,1233,1243,1255,1269,1270,1271,1294,1302,1304,1314,1325,1332,1333,1341,1344,1346,1349,1350,1351,1379,1380,1381,1382,1383,1385,1395,1402,1412,1413,1443,1454,1462,1463,1477,1481,1482,1487,1488,1489,1500,1502,1503,1506,1508,1511,1514,1525,1528,1554,1555,1556,1557,1560,1564,1565,1566,1581,1582,1583,1591,1594,1598,1634,1637,1642,1643,1648,1649,1650,1651,1652,1655,1656,1659,1671,1685,1687,1690,1691,1692,1693,1695,1696,1700,1701,1702,1703,1705
尤其|0.531|0.862|supporting|main|2|0|0|2|0.33|1.00|635|12,20,24,26,27,29,31,32,34,39,40,41,48,50,54,59,71,72,73,81,86,91,92,96,100,101,110,114,122,123,124,125,126,130,133,135,142,143,148,160,161,162,163,164,165,168,177,180,181,183,185,192,193,194,195,198,199,201,202,205,207,210,211,215,216,218,221,237,250,254,267,268,277,288,290,294,298,299,305,307,313,317,318,321,322,327,330,331,333,334,336,340,343,347,358,365,367,368,370,377,378,380,389,390,394,395,396,399,402,403,405,412,420,424,425,427,437,439,442,449,458,460,464,467,470,474,482,484,486,487,489,490,493,496,497,500,501,505,506,509,516,518,520,532,535,549,552,553,557,561,564,567,568,573,574,578,583,584,596,603,604,605,608,609,612,617,620,621,623,624,627,631,638,639,644,648,649,650,651,652,657,659,664,667,671,672,675,680,683,687,694,697,700,701,703,706,710,711,719,727,740,742,747,755,760,765,766,767,768,773,775,778,783,787,790,791,792,793,796,800,802,813,819,822,823,824,831,836,837,842,847,849,852,857,861,864,865,866,867,870,874,876,887,893,896,897,898,905,910,911,917,918,925,929,937,939,942,947,949,957,958,960,967,968,971,973,974,975,980,981,982,983,984,992,994,995,996,997,1002,1003,1007,1011,1019,1024,1030,1031,1034,1036,1037,1042,1043,1045,1046,1049,1050,1051,1054,1056,1057,1060,1062,1063,1065,1066,1069,1072,1074,1075,1145,1148,1151,1159,1160,1161,1162,1168,1171,1172,1175,1177,1178,1179,1181,1194,1203,1204,1213,1217,1220,1227,1228,1229,1230,1232,1235,1237,1238,1243,1244,1248,1249,1257,1260,1264,1266,1271,1274,1277,1280,1281,1285,1293,1294,1301,1302,1306,1307,1309,1311,1312,1313,1314,1317,1329,1332,1333,1334,1337,1339,1340,1341,1344,1345,1349,1350,1351,1353,1357,1358,1360,1361,1362,1364,1368,1370,1374,1375,1380,1383,1384,1386,1387,1388,1389,1391,1393,1394,1397,1400,1404,1406,1408,1411,1414,1415,1424,1431,1436,1440,1442,1444,1445,1447,1452,1453,1455,1456,1462,1466,1470,1471,1473,1476,1482,1485,1487,1489,1491,1496,1500,1501,1502,1503,1508,1514,1521,1522,1534,1541,1542,1546,1547,1549,1552,1555,1557,1558,1564,1567,1568,1569,1573,1574,1575,1581,1582,1583,1584,1585,1586,1590,1595,1598,1599,1601,1603,1604,1605,1607,1608,1610,1616,1620,1624,1625,1629,1633,1643,1646,1650,1653,1654,1662,1665,1667,1670,1674,1680,1682,1684,1685,1693,1698,1700
金色|0.531|0.838|supporting|main|1|0|1|2|0.33|1.00|491|2,3,23,42,47,48,51,75,78,79,81,87,88,90,95,98,101,102,105,107,112,120,122,127,129,131,132,147,148,156,158,175,178,179,191,218,239,240,241,242,243,251,258,262,263,270,271,276,277,278,285,288,293,300,319,334,337,343,349,357,360,363,366,372,385,389,409,425,427,431,433,443,446,449,459,466,467,468,473,474,476,477,481,484,489,490,495,499,503,505,506,509,512,523,536,540,542,547,548,550,551,560,570,574,584,586,591,598,615,624,627,629,630,631,632,635,638,640,641,642,643,646,652,654,659,661,696,698,707,716,720,724,730,732,737,739,740,754,759,760,764,765,768,771,776,783,787,789,800,801,811,812,815,816,817,818,821,830,836,838,842,845,850,857,861,863,874,875,885,886,889,890,891,892,895,904,910,912,925,927,933,938,951,953,961,970,975,977,978,1000,1003,1005,1006,1007,1013,1021,1022,1037,1038,1039,1040,1043,1045,1048,1055,1056,1059,1064,1068,1069,1074,1148,1149,1151,1152,1153,1161,1162,1165,1166,1178,1179,1180,1184,1187,1188,1190,1198,1199,1203,1204,1206,1207,1208,1214,1215,1229,1232,1234,1239,1243,1271,1294,1295,1314,1324,1325,1326,1332,1333,1334,1340,1341,1343,1347,1367,1369,1379,1386,1402,1411,1424,1431,1432,1437,1444,1480,1482,1488,1489,1496,1500,1501,1502,1503,1517,1520,1528,1534,1538,1553,1557,1560,1566,1578,1580,1581,1584,1587,1589,1590,1591,1613,1616,1632,1633,1635,1636,1637,1642,1652,1684,1687,1688,1689,1690,1695,1701
岑岳|0.531|0.535|supporting|main|2|0|0|2|0.33|1.00|92|40,41,42,43,44,58,59,60,71,94,95,96,116,136,188,189,197,198,203,209,210,214
金语|0.531|0.323|supporting|main|2|0|0|2|0.33|1.00|61|367,368,371,474,499,531,641,643,741,742,811,812,885,886,924,933,938,939,1148,1149,1151,1152,1447,1690
李云喆|0.531|0.347|supporting|main|2|0|0|2|0.33|1.00|40|1060,1061,1065,1067,1071,1072
方传|0.531|0.345|supporting|main|1|0|1|2|0.33|1.00|33|0,157,211,342,345,430,468,587,671,737,743,814,819,840,888,893,914,1055,1060,1069,1075,1229,1266,1302,1341,1349,1412,1425,1448,1461,1519,1586,1650
常罕|0.531|0.339|supporting|main|2|0|0|2|0.33|1.00|32|79,115,138,194,215,222,268,307,309,369,380,423,482,505,547,585,645,682,709,752,765,927,1034,1036,1066,1317,1359,1363,1366,1376,1432
龙冰|0.531|0.319|supporting|main|1|0|1|2|0.33|1.00|24|217,1601,1602,1603,1604,1629,1630
于还|0.531|0.337|supporting|main|2|0|0|2|0.33|1.00|24|6,19,142,253,335,355,404,473,545,549,574,576,602,603,611,621,678,820,894,1048,1465,1528,1643,1662
欧阳学|0.531|0.276|supporting|main|2|0|0|2|0.33|1.00|4|156
方便|0.531|0.094|candidate|staging|1|0|1|2|0.33|1.00|1|303
李瑶瑶|0.531|0.097|candidate|staging|1|0|1|2|0.33|1.00|1|445
王金玺|0.520|0.617|supporting|main|2|0|1|3|0.50|0.57|101|101,102,103,105,110,111,113,114,119,120,121,122,124,125,126,130,133,135,136,137,140,141,142,143,147,149,150,152,153,154,160,182,184
金玺|0.519|0.610|supporting|main|2|0|1|3|0.50|0.56|98|101,102,103,104,105,110,111,113,114,119,120,121,122,124,125,126,130,133,135,136,137,140,141,142,143,147,149,150,152,153,154,160,182,221
王封印|0.519|0.408|supporting|main|2|0|1|3|0.50|0.56|83|182,326,351,367,425,463,466,468,474,503,504,508,520,583,589,643,646,668,680,687,817,825,836,837,891,899,910,911,921,935,955,962,966,1001,1031,1041,1213,1314,1346,1395,1477,1637,1642,1655,1659,1690,1696
安排|0.517|0.631|supporting|main|2|0|1|3|0.50|0.56|67|74,106,182,206,207,226,244,267,268,326,343,404,425,444,453,468,482,489,498,508,510,518,529,547,558,559,564,565,567,627,656,663,704,790,806,827,835,864,880,901,909,960,1060,1172,1182,1190,1194,1227,1300,1404,1420,1474,1476,1492,1493,1528,1562,1587,1599,1601,1704
龙恒旭|0.509|0.420|supporting|main|2|0|1|3|0.50|0.53|75|37,61,65,66,67,73,74,80,81,83,84,100,104,105,106,107,108,109,121,122,123,124,126,128,131,182,185,187,195,205,1696
张戈洋|0.509|0.421|supporting|main|2|0|1|3|0.50|0.53|83|1147,1148,1149,1150,1151,1152,1153,1154,1155,1156,1157,1158,1159,1160,1162,1171,1176,1178,1179,1180,1204,1207
龙匕|0.506|0.322|supporting|main|2|0|1|3|0.50|0.52|62|48,51,53,54,61,63,68,70,76,79,82,101,103,104,108,125,129,138,139,145,218,239,240,271,327,329,387,437,438,447,448,493,536,537,614,719,725,1341,1667,1684
苏沐|0.506|0.535|supporting|main|2|0|1|3|0.50|0.52|80|504,505,506,507,509,526,538,541,559,560,561,567,568,569,570,572,1163
时已经|0.505|0.359|supporting|main|2|0|1|3|0.50|0.52|53|55,67,75,100,127,131,225,228,262,356,404,407,424,488,505,565,566,570,571,683,769,810,843,884,987,1007,1058,1062,1066,1185,1207,1247,1274,1280,1323,1329,1383,1428,1437,1438,1448,1471,1488,1495,1510,1511,1517,1599,1601,1613
唐舞鳞|0.505|0.328|supporting|main|2|0|1|3|0.50|0.52|60|544,595,596,609,611,613,627,668,680,681,691,692,718,720,761,802,805,806,821,876,879,880,895,1163,1244,1257,1267,1311,1317,1400,1402,1408,1512,1518,1523,1581,1641,1675,1683
唐音梦|0.503|0.336|supporting|main|2|0|1|3|0.50|0.51|62|598,599,600,602,603,604,607,609,610,611,612,614,616,617,618,1030,1227,1353,1363,1365,1366,1367,1370,1492,1576,1627,1630,1658,1674,1697,1699
雷鸣阎|0.502|0.339|supporting|main|2|0|1|3|0.50|0.51|62|1149,1150,1151,1153,1154,1155,1156,1157,1158,1204,1206,1207,1208,1210,1214,1249,1250,1251,1259,1263,1270,1282,1285,1289,1305,1322,1350,1423
司马仙|0.500|0.548|supporting|main|2|0|1|3|0.50|0.50|77|521,522,523,524,539,548
雷霆|0.500|0.482|supporting|main|2|0|1|3|0.50|0.50|48|366,919,1149,1150,1151,1204,1205,1206,1207,1208,1216,1249,1282,1283,1286,1288,1295,1314,1323,1333,1341,1351,1481,1486,1487,1502
王者|0.500|0.500|supporting|main|2|0|1|3|0.50|0.50|46|474,817,839,891,913,941,942,945,946,947,949,950,951,953,955,956,957,961,962,963,965,967,972,973,978,1048,1049,1054,1060,1065,1162,1176,1430,1574,1614,1626,1632
唐门绝|0.500|0.351|supporting|main|2|0|1|3|0.50|0.50|31|161,166,192,215,224,272,394,441,500,513,536,540,562,602,644,680,766,832,906,1043,1173,1175,1229,1412,1506,1512,1565
唐孜然|0.493|0.473|candidate|staging|2|0|0|2|0.33|0.88|91|1,3,4,7,8,10,11,14,15,16,17,18,19,21,23,28,29,30,32,39,388,1062,1074,1075,1199,1290,1389,1504
龙皇|0.493|0.522|candidate|staging|2|0|1|3|0.50|0.48|45|925,1037,1039,1165,1166,1167,1168,1210,1306,1308,1309,1327,1333,1341,1386,1447,1456,1460,1477,1481,1482,1489,1519,1528,1555,1564,1565,1632,1633,1638,1670,1685,1688,1701
谢邂也|0.488|0.323|candidate|staging|2|0|1|3|0.50|0.46|38|44,47,70,81,83,103,109,145,148,183,186,215,251,257,307,330,335,352,354,355,373,387,446,448,467,493,504,593,703,1045,1056,1202,1338,1342,1460
黄金龙|0.486|0.739|candidate|staging|2|0|0|2|0.33|0.85|414|259,263,285,329,341,357,365,370,466,498,499,504,508,539,540,547,549,569,571,572,573,574,575,583,586,591,635,639,641,643,644,645,646,668,670,672,683,707,708,711,720,721,722,724,725,737,759,762,788,789,797,806,807,809,810,811,814,815,816,818,819,820,822,830,831,834,839,840,841,862,863,871,880,881,883,884,885,888,889,890,892,893,894,896,904,905,908,913,914,915,916,917,918,920,925,927,929,930,931,932,933,938,948,953,960,962,963,975,977,1001,1004,1006,1008,1037,1038,1039,1045,1047,1049,1056,1062,1064,1065,1066,1075,1149,1152,1161,1163,1173,1176,1180,1188,1215,1233,1249,1271,1294,1304,1314,1333,1341,1344,1346,1349,1379,1381,1382,1383,1402,1412,1413,1454,1462,1463,1481,1482,1487,1488,1489,1500,1502,1503,1506,1508,1514,1525,1528,1554,1556,1560,1564,1565,1566,1581,1582,1583,1594,1598,1634,1643,1651,1652,1656,1685,1687,1690,1692,1693,1695,1696,1703,1705
龙核|0.486|0.319|candidate|staging|2|0|1|3|0.50|0.45|38|817,818,820,825,837,839,891,892,894,899,911,913,916,919,931,946,949,958,962,966,969,970,975,1001,1049,1265,1304,1325,1350,1497
金光|0.485|0.762|candidate|staging|1|0|1|2|0.33|0.85|280|0,23,47,48,49,51,52,87,101,105,115,127,128,131,132,143,158,178,179,180,186,192,193,213,227,233,240,257,263,264,270,293,294,301,311,318,328,336,337,343,358,360,363,366,367,368,370,371,376,382,387,390,391,409,419,425,429,431,442,443,445,447,448,458,480,481,496,501,505,508,509,512,522,535,537,547,552,560,570,574,575,586,600,624,630,635,639,640,643,644,646,667,716,719,720,722,731,737,740,754,764,775,788,810,811,812,815,819,838,839,849,862,884,885,886,889,893,912,913,917,924,925,932,939,949,950,960,977,978,1003,1006,1007,1010,1017,1021,1022,1023,1037,1040,1048,1050,1056,1060,1063,1065,1066,1075,1149,1176,1178,1187,1207,1229,1232,1233,1234,1271,1294,1295,1304,1314,1325,1333,1341,1345,1349,1375,1376,1387,1412,1413,1414,1415,1432,1458,1463,1481,1496,1503,1506,1518,1528,1559,1578,1618,1664,1685,1693,1694
时也|0.484|0.761|candidate|staging|2|0|0|2|0.33|0.84|205|8,12,17,20,22,60,65,67,82,119,133,137,142,145,153,161,173,179,183,190,191,195,197,207,226,235,236,237,246,249,251,253,256,265,267,272,275,280,284,286,288,305,328,329,334,341,342,345,350,353,361,363,365,370,379,381,386,393,394,405,419,420,433,437,438,442,448,452,454,455,467,471,482,484,485,488,496,506,509,510,515,517,518,521,537,558,559,565,583,594,596,599,602,605,610,618,624,627,634,657,664,697,698,700,705,708,709,710,744,750,752,755,757,762,773,776,789,819,820,832,837,839,847,850,863,893,894,906,911,913,925,942,954,969,971,984,999,1014,1028,1049,1050,1054,1056,1057,1060,1073,1152,1173,1189,1190,1205,1213,1236,1248,1272,1286,1306,1338,1342,1345,1351,1360,1364,1374,1380,1381,1382,1383,1388,1392,1395,1398,1424,1440,1466,1467,1479,1492,1497,1500,1504,1506,1595,1623,1624,1658,1690,1700
于传|0.481|0.342|candidate|staging|2|0|1|3|0.50|0.44|33|1,169,239,246,432,433,434,441,573,605,626,713,925,1040,1042,1064,1066,1158,1185,1274,1275,1329,1359,1371,1380,1384,1471,1487,1598,1662
金恐爪|0.478|0.337|candidate|staging|2|0|1|3|0.50|0.43|35|148,149,151,239,240,241,243,276,282,329,976,978,1161,1230,1341,1367,1402
水晶|0.478|0.329|candidate|staging|2|0|1|3|0.50|0.43|34|242,274,570,575,669,670,672,679,680,760,836,910,1033,1041,1056,1060,1184,1243,1302
叶星澜|0.478|0.726|candidate|staging|2|0|0|2|0.33|0.82|463|199,201,202,204,205,206,207,211,212,213,214,216,219,377,378,379,380,381,382,383,384,385,389,390,392,394,405,407,408,412,413,414,415,429,430,431,432,434,435,438,441,443,444,445,446,447,448,450,451,453,455,457,458,459,463,466,468,474,479,487,490,491,492,504,506,510,514,516,517,518,544,546,552,554,556,557,558,559,560,561,567,570,572,594,602,603,611,612,622,624,629,636,637,638,642,643,644,649,650,651,653,655,658,660,662,665,667,668,669,672,678,688,691,698,699,700,701,702,703,719,721,722,724,751,755,759,765,766,768,771,842,845,921,1043,1044,1045,1046,1047,1049,1050,1051,1065,1068,1074,1177,1213,1229,1230,1231,1234,1317,1331,1339,1345,1368,1370,1371,1372,1373,1374,1428,1429,1430,1431,1472,1473,1583,1612,1666,1667,1669
金属棍|0.476|0.352|candidate|staging|2|0|1|3|0.50|0.42|34|781,782,783,785,786,787,794,855,856,857,859,860,861,868
龙类|0.476|0.322|candidate|staging|2|0|1|3|0.50|0.42|30|88,97,107,120,127,128,341,350,365,367,509,514,516,548,575,639,715,743,800,874,925,1181,1444,1449
龙罡|0.476|0.318|candidate|staging|2|0|1|3|0.50|0.42|31|1021,1042,1045,1046,1048,1049,1249,1259,1265,1269,1322,1323,1333,1487,1543,1551,1552,1554,1557,1652,1687
许米儿|0.475|0.348|candidate|staging|2|0|1|3|0.50|0.42|35|600,602,612,613,614,622,623,624
黄色光|0.473|0.354|candidate|staging|2|0|1|3|0.50|0.41|28|20,22,84,91,127,141,257,414,446,471,526,613,643,748,924,1053,1064,1199,1258,1315,1341,1347
龙棍|0.472|0.304|candidate|staging|2|0|1|3|0.50|0.41|29|205,1280,1310,1318,1320,1321,1322,1323,1324,1381,1386,1488,1534,1627,1628,1630
金龙枪|0.472|0.634|candidate|staging|2|0|0|2|0.33|0.80|306|571,572,574,575,586,589,591,643,644,646,668,670,672,707,708,722,724,725,759,788,797,807,809,810,811,814,816,818,819,820,822,824,830,834,835,839,840,862,871,881,883,884,885,888,890,892,893,894,896,898,904,908,909,913,914,916,917,918,925,927,929,930,932,933,937,938,946,948,954,955,956,960,962,963,975,978,1004,1006,1008,1022,1023,1037,1038,1039,1045,1047,1056,1062,1066,1075,1173,1178,1181,1187,1188,1233,1271,1294,1314,1333,1341,1344,1346,1349,1379,1382,1383,1385,1386,1402,1412,1413,1454,1462,1463,1481,1482,1488,1489,1497,1499,1500,1502,1503,1506,1508,1509,1511,1525,1528,1560,1564,1566,1581,1582,1583,1591,1593,1594,1598,1600,1632,1634,1643,1651,1656,1685,1687,1690,1692,1695,1696,1701,1703,1705
时准备|0.471|0.340|candidate|staging|2|0|1|3|0.50|0.40|26|124,145,177,446,498,560,659,666,814,821,888,895,941,942,944,956,1037,1196,1281,1464,1514,1539,1613
金龙升|0.469|0.336|candidate|staging|2|0|1|3|0.50|0.40|26|720,737,788,800,810,815,820,831,862,874,884,889,894,905,937,975,1152,1163,1269
常难|0.469|0.353|candidate|staging|2|0|1|3|0.50|0.40|24|171,195,232,233,261,391,394,515,635,694,762,797,834,871,908,1006,1014,1152,1190,1205,1224,1361,1467,1490
张嘴|0.469|0.334|candidate|staging|2|0|1|3|0.50|0.40|24|130,309,470,563,757,815,889,979,1152,1153,1171,1222,1248,1400,1407,1408,1450,1484,1510,1529,1531,1534,1622,1654
金色光|0.468|0.754|candidate|staging|2|0|0|2|0.33|0.79|210|47,48,81,87,88,90,95,101,102,105,147,148,175,178,179,191,213,240,241,242,243,271,278,285,288,300,319,337,343,349,357,365,366,370,392,402,409,418,425,433,446,447,449,454,466,467,468,473,474,490,499,505,509,523,542,551,570,572,574,575,598,624,635,640,642,643,645,696,698,707,720,730,754,759,765,789,794,801,816,817,830,838,863,868,875,890,891,904,912,925,931,938,951,953,970,975,1000,1003,1021,1022,1040,1045,1149,1153,1162,1178,1186,1187,1188,1199,1203,1204,1206,1208,1215,1249,1314,1324,1325,1326,1340,1341,1343,1347,1367,1402,1432,1480,1500,1502,1520,1534,1538,1557,1566,1591,1613,1623,1635,1637,1652,1655,1684,1687,1688,1693,1701
凤斗罗|0.468|0.320|candidate|staging|2|0|1|3|0.50|0.39|27|374,430,434,1040,1055,1056,1057,1059,1060,1384,1483,1534,1535
时落|0.466|0.324|candidate|staging|2|0|1|3|0.50|0.39|23|28,51,124,125,212,227,271,348,400,408,425,509,635,829,903,925,938,962,964,1001,1068,1545
金色纹路|0.466|0.341|candidate|staging|2|0|1|3|0.50|0.39|23|2,98,120,242,251,286,288,337,404,630,740,760,771,845,927,931,1057,1178,1187,1232,1424
唐舞瞬|0.465|0.334|candidate|staging|2|0|1|3|0.50|0.38|22|541,544,547,548,625,634,667,673,744,783,787,857,861,1164,1198,1271,1370,1431,1498,1505,1644,1671
乐正字|0.465|0.324|candidate|staging|2|0|1|3|0.50|0.38|23|512,545,546,601,604,606,607,612,674,721,760,1146,1197,1215,1216,1330,1431,1433
王斗罗|0.463|0.336|candidate|staging|2|0|1|3|0.50|0.38|22|1184,1185,1186,1194,1199,1202,1216,1224,1243,1313,1314,1381,1410,1412,1413,1454,1518
水相涵|0.462|0.349|candidate|staging|2|0|1|3|0.50|0.37|24|998,999,1000,1001,1002,1005
王骷髅|0.461|0.346|candidate|staging|2|0|1|3|0.50|0.37|24|936,937,938,939
金水相|0.458|0.347|candidate|staging|2|0|1|3|0.50|0.36|22|998,999,1000,1001,1002
武招亲|0.456|0.434|candidate|staging|2|0|0|2|0.33|0.75|56|1236,1238,1240,1242,1243,1244,1253,1256,1260,1267,1271,1274,1277,1279,1280,1287,1300,1304,1311,1312,1317,1318,1319,1320,1327,1329,1330,1331,1333,1335,1341,1351,1356,1424,1639
欧阳紫馨|0.456|0.091|candidate|staging|1|0|1|2|0.33|0.75|1|108
谢醒|0.456|0.099|candidate|staging|1|0|1|2|0.33|0.75|1|538
武器|0.446|0.554|candidate|staging|2|0|0|2|0.33|0.72|155|68,110,300,395,416,417,419,480,490,526,543,571,613,614,625,650,652,653,659,660,682,714,759,790,797,802,806,807,809,814,816,818,822,839,864,871,876,880,881,883,888,890,892,896,913,916,925,936,937,951,957,977,979,990,995,1012,1017,1028,1045,1053,1058,1060,1064,1065,1172,1173,1174,1175,1176,1177,1178,1189,1195,1196,1197,1199,1210,1211,1212,1217,1220,1308,1319,1379,1381,1382,1393,1397,1414,1432,1489,1495,1498,1503,1507,1510,1511,1514,1521,1522,1524,1526,1542,1577,1584,1591,1602,1613,1623,1629,1654
马金驰|0.432|0.565|candidate|staging|2|0|0|2|0.33|0.67|195|921,925,927,930,962,967,968,969,970,971,974,978,979,981,1003,1005,1006,1007,1008,1009,1010,1044,1045,1046,1047,1049,1050,1051,1056,1230,1234,1237,1242,1331,1333,1375,1376,1377,1378,1423,1432,1434,1435,1441,1443,1448,1449,1452,1453,1455,1462,1576,1583,1674,1685,1686,1689
史菜克|0.427|0.523|candidate|staging|2|0|0|2|0.33|0.65|116|535,536,553,625,634,644,655,662,722,729,742,757,758,822,823,826,896,897,900,1068,1217,1219,1220,1222,1223,1227,1235,1253,1262,1272,1274,1280,1311,1319,1330,1331,1341,1353,1357,1358,1360,1361,1362,1364,1368,1371,1380,1384,1386,1387,1388,1389,1390,1391,1392,1395,1396,1399,1408,1412,1416,1428,1429,1435,1446,1450,1474,1475,1478,1484,1487,1491,1505,1506,1508,1519,1520,1534,1535,1562,1600,1613,1622,1627,1647,1664,1679,1681
范围|0.426|0.651|candidate|staging|2|0|0|2|0.33|0.65|107|18,153,177,192,198,224,234,239,269,270,271,272,291,292,312,318,320,359,366,389,409,417,442,443,459,499,514,534,556,562,563,569,632,647,658,665,668,705,707,740,768,776,789,794,814,818,841,842,850,863,868,888,892,915,924,927,930,952,1050,1055,1056,1164,1175,1184,1187,1211,1214,1227,1302,1341,1373,1382,1416,1423,1425,1457,1458,1503,1507,1524,1529,1531,1545,1568,1571,1573,1585,1606,1622,1638,1662,1692
司马兄|0.425|0.281|candidate|staging|2|0|1|3|0.50|0.25|2|970,1045
云喆|0.419|0.346|candidate|staging|1|0|0|1|0.17|1.00|40|1060,1061,1065,1067,1071,1072
黄二|0.419|0.102|candidate|staging|1|0|0|1|0.17|1.00|1|704
雷俊|0.419|0.092|candidate|staging|1|0|0|1|0.17|1.00|1|218
武宇晗|0.419|0.092|candidate|staging|1|0|0|1|0.17|1.00|1|218
金色鳞片|0.418|0.326|candidate|staging|2|0|0|2|0.33|0.63|28|78,79,112,120,127,185,242,251,270,284,349,389,470,471,505,522,541,638,732,759,764,800,874,1303,1455,1690
唐舞|0.418|0.677|candidate|staging|1|0|1|2|0.33|0.63|10|627,983,1215,1430,1505,1648,1702
唐岸|0.418|0.091|candidate|staging|1|0|1|2|0.33|0.63|1|1524
尹殇|0.418|0.091|candidate|staging|1|0|1|2|0.33|0.63|1|1526
金龙爪|0.417|0.439|candidate|staging|2|0|0|2|0.33|0.62|111|104,106,107,127,129,138,141,143,148,163,186,193,205,213,214,216,219,225,239,241,243,247,258,259,263,278,319,328,329,342,346,363,365,371,418,432,437,447,470,489,490,491,495,498,503,504,523,539,540,566,587,619,624,635,638,645,670,673,681,737,749,759,1064,1161,1162
曹德智|0.408|0.573|candidate|staging|2|0|0|2|0.33|0.59|101|824,898,925,926,964,968,969,1024,1030,1051,1054,1055,1059,1218,1237,1242,1333,1386,1399,1404,1407,1408,1409,1423,1440,1490,1491,1492,1500,1508,1512,1519,1520,1523,1524,1525,1541,1543,1547,1562,1578,1606,1611,1636,1643,1644,1645,1659,1662,1675
王龙|0.404|0.522|candidate|staging|2|0|0|2|0.33|0.58|89|474,476,480,509,541,542,592,593,619,641,643,659,666,741,764,765,783,787,799,800,802,811,814,830,839,857,861,873,874,876,885,888,904,913,919,925,938,939,983,1151,1152,1154,1156,1179,1182,1256,1318,1320,1443,1444,1447
唐舞解|0.404|0.379|candidate|staging|2|0|0|2|0.33|0.58|81|543,549,724,728,730,736,746,750,759,761,764,765,775,780,781,784,785,794,795,796,797,798,799,802,806,808,819,821,822,823,826,828,831,838,840,849,854,855,858,859,868,869,870,871,872,873,876,880,882,893,895,896,897,900,902,905,912,914,1424
龙王封|0.400|0.408|candidate|staging|1|0|1|2|0.33|0.56|83|182,326,351,367,425,427,463,466,468,474,503,504,508,583,589,643,646,668,680,797,817,825,836,837,871,891,899,910,911,921,935,955,962,966,1001,1031,1041,1213,1314,1346,1395,1477,1637,1642,1655,1659,1690,1696
龙吟|0.399|0.612|candidate|staging|1|0|1|2|0.33|0.56|72|87,263,285,349,357,391,425,456,457,489,508,524,541,542,547,571,587,590,602,627,635,720,739,803,877,925,932,1000,1001,1040,1043,1049,1050,1056,1066,1067,1148,1149,1186,1189,1190,1247,1263,1269,1282,1294,1302,1333,1341,1402,1411,1444,1448,1457,1478,1487,1564,1701
方军团|0.397|0.362|candidate|staging|2|0|0|2|0.33|0.55|85|798,872,925,968,971,978,1035,1307,1311,1335,1439,1492,1493,1494,1495,1497,1499,1500,1501,1508,1509,1511,1526,1528,1529,1530,1531,1532,1534,1535,1536,1537,1538,1545,1546,1547,1562,1572,1585
时也是|0.395|0.344|candidate|staging|2|0|0|2|0.33|0.55|62|8,60,65,142,145,153,161,173,191,195,236,256,272,275,284,334,341,342,365,420,454,467,482,488,506,510,521,537,558,559,583,599,602,624,634,657,664,697,710,755,773,776,820,847,850,894,999,1060,1205,1342,1345,1360,1380,1382,1383,1392,1395,1479,1492,1497,1623
龙王|0.387|0.783|candidate|staging|1|0|0|1|0.17|0.89|432|0,87,88,93,95,96,107,111,115,119,128,132,152,187,232,234,255,263,326,342,351,365,367,406,410,411,425,427,437,460,461,463,466,468,474,480,490,503,504,508,510,513,514,515,516,517,520,530,532,539,541,543,547,548,550,552,553,559,571,574,575,576,583,584,586,588,589,591,592,593,613,614,620,621,624,628,630,631,635,640,643,645,646,668,680,681,696,715,716,721,727,744,745,762,768,775,778,799,800,817,825,828,836,837,842,849,852,873,874,891,899,902,910,911,916,919,921,925,927,928,929,931,935,936,937,938,939,962,963,964,966,968,970,975,978,983,997,1001,1005,1011,1021,1031,1039,1040,1041,1045,1048,1053,1057,1058,1060,1062,1064,1066,1067,1070,1071,1072,1073,1075,1146,1148,1161,1163,1164,1179,1182,1190,1198,1210,1216,1230,1233,1255,1294,1302,1304,1314,1328,1329,1332,1346,1349,1350,1351,1385,1395,1443,1444,1448,1477,1487,1551,1555,1556,1560,1563,1564,1573,1575,1576,1583,1595,1604,1616,1619,1631,1637,1642,1649,1650,1652,1655,1656,1659,1673,1680,1681,1690,1691,1693,1696,1700,1701,1703
龙公主|0.386|0.582|candidate|staging|2|0|0|2|0.33|0.52|69|1242,1243,1251,1252,1253,1256,1258,1275,1277,1284,1285,1301,1312,1317,1318,1320,1329,1332,1333,1334,1335,1341,1350,1380,1418,1543,1649,1697
唐门门主|0.382|0.331|candidate|staging|2|0|0|2|0.33|0.50|53|1029,1030,1042,1044,1045,1060,1061,1147,1158,1169,1171,1172,1177,1178,1180,1182,1185,1192,1211,1243,1253,1262,1277,1319,1332,1335,1360,1389,1400,1404,1408,1410,1418,1419,1473,1487,1515,1544,1546,1648,1651
时释放|0.381|0.333|candidate|staging|2|0|0|2|0.33|0.50|37|73,80,102,112,241,309,442,473,505,508,569,570,652,657,659,664,706,722,737,754,925,1011,1045,1163,1375,1382,1390,1447
方飞|0.381|0.332|candidate|staging|1|0|1|2|0.33|0.50|25|145,158,446,536,641,668,778,817,818,831,841,852,891,892,905,915,936,1265,1343,1492,1514,1534,1623,1705
唐舞禁|0.381|0.358|candidate|staging|2|0|0|2|0.33|0.50|23|721,727,750,775,780,784,794,796,802,803,810,822,826,849,854,858,868,870,876,877,884,896,900
于普通|0.381|0.358|candidate|staging|2|0|0|2|0.33|0.50|22|17,70,227,239,295,297,331,415,552,757,936,1145,1148,1238,1302,1305,1322,1324,1442,1526,1529,1531
李叔|0.381|0.094|candidate|staging|1|0|1|2|0.33|0.50|1|1374
龙修|0.381|0.095|candidate|staging|1|0|1|2|0.33|0.50|1|336
唐门主|0.380|0.327|candidate|staging|2|0|0|2|0.33|0.50|55|1045,1145,1153,1157,1158,1159,1176,1182,1205,1206,1319,1341,1362,1374,1383,1389,1438,1439,1440,1470,1485,1486,1505,1506,1507,1511,1528,1562,1610,1611,1612
龙刀|0.378|0.317|candidate|staging|2|0|0|2|0.33|0.49|60|925,927,933,977,978,1004,1005,1006,1007,1008,1009,1045,1047,1231,1314,1375,1376,1439,1448,1686
雷电|0.375|0.409|candidate|staging|2|0|0|2|0.33|0.48|51|199,200,218,224,365,366,367,368,432,509,1149,1155,1214,1250,1251,1254,1255,1268,1270,1280,1301,1308,1312,1333,1341,1423
金属|0.373|0.754|candidate|staging|1|0|0|1|0.17|0.85|451|8,9,10,13,14,19,26,27,28,30,31,41,43,58,60,68,71,95,96,98,116,122,123,125,126,134,137,149,156,157,172,182,188,189,190,197,207,209,210,217,231,233,243,244,246,270,275,280,282,283,284,288,291,295,298,299,300,301,303,323,324,330,332,334,335,345,346,347,348,349,350,354,374,375,377,380,381,382,383,389,394,399,400,401,402,412,422,423,424,425,427,484,491,515,542,543,574,583,627,629,634,635,636,682,717,747,749,756,780,782,783,784,786,787,794,802,803,820,833,834,835,854,856,857,858,860,861,868,876,877,894,907,908,909,916,922,923,924,925,971,984,985,986,987,997,998,999,1000,1001,1003,1005,1019,1024,1025,1050,1055,1067,1173,1178,1225,1243,1245,1246,1247,1248,1249,1250,1251,1275,1283,1284,1288,1289,1323,1332,1341,1344,1367,1395,1423,1442,1445,1446,1478,1479,1480,1481,1483,1507,1525
时刻|0.373|0.416|candidate|staging|2|0|0|2|0.33|0.47|41|78,130,137,328,361,372,390,488,521,577,581,618,681,700,725,735,925,965,1016,1033,1074,1176,1329,1331,1347,1350,1355,1384,1429,1472,1497,1536,1538,1539,1557,1579,1585,1660,1670
时朝|0.370|0.335|candidate|staging|2|0|0|2|0.33|0.46|39|47,50,73,175,212,213,236,271,309,327,447,567,568,584,712,782,783,786,787,829,840,841,856,857,860,861,903,914,915,956,1038,1200,1374,1572,1618,1667
金龙体|0.367|0.329|candidate|staging|2|0|0|2|0.33|0.45|36|259,278,329,341,357,466,469,471,472,489,491,504,505,539,540,547,583,635,645,806,810,841,880,884,915,932,1049,1056,1065,1215,1379,1487,1554,1566
水平|0.366|0.341|candidate|staging|2|0|0|2|0.33|0.45|35|42,70,108,117,208,244,245,268,307,376,400,402,583,624,633,634,645,702,756,832,834,906,908,922,997,1000,1245,1246,1284,1308,1341,1422,1442,1524,1628
诸位|0.362|0.329|candidate|staging|2|0|0|2|0.33|0.44|33|172,597,602,603,607,652,659,697,706,715,716,758,761,958,1018,1032,1182,1253,1341,1352,1354,1424,1464,1484,1500,1509,1669,1705
时亮|0.358|0.330|candidate|staging|2|0|0|2|0.33|0.42|30|68,145,226,271,309,315,361,386,405,408,409,527,560,562,570,812,886,917,931,944,945,950,1065,1292,1375,1376,1402,1432
时面|0.357|0.337|candidate|staging|2|0|0|2|0.33|0.42|29|159,271,457,475,512,564,720,768,769,842,843,1009,1045,1048,1058,1175,1230,1316,1565,1585,1605,1606,1610,1619,1622,1625,1632,1675
方还|0.356|0.340|candidate|staging|1|0|1|2|0.33|0.42|28|84,101,337,446,449,457,480,510,777,851,955,981,1048,1049,1212,1217,1368,1381,1385,1387,1423,1439,1453,1455,1457,1667,1680
时空|0.355|0.311|candidate|staging|2|0|0|2|0.33|0.41|29|433,592,639,1004,1059,1176,1190,1196,1200,1215,1223,1224,1314,1317,1323,1326,1341,1372,1465,1657,1668,1669,1686
于锻造|0.355|0.316|candidate|staging|2|0|0|2|0.33|0.41|29|13,46,136,203,209,216,282,286,333,347,350,374,379,399,423,426,466,636,986,998,1024,1244,1341
阳光|0.354|0.336|candidate|staging|2|0|0|2|0.33|0.41|27|5,206,211,219,230,269,307,365,558,668,738,774,775,780,784,848,849,854,858,1171,1176,1319,1338,1385,1396,1665
官方|0.354|0.322|candidate|staging|1|0|1|2|0.33|0.41|27|99,159,195,334,348,442,474,492,493,498,499,505,507,510,511,554,558,711,990,1005,1055,1060,1158,1159,1694
苏醒|0.353|0.314|candidate|staging|2|0|0|2|0.33|0.41|27|237,789,836,837,863,910,911,1041,1060,1070,1071,1172,1203,1210,1233,1268,1272,1349,1378,1480,1517,1658,1672,1675
许晓语|0.350|0.332|candidate|staging|2|0|0|2|0.33|0.40|29|151,155,156,183,185,195,245,273
龙鳞|0.350|0.331|candidate|staging|2|0|0|2|0.33|0.40|26|170,171,172,173,192,215,249,250,442,624,636,1057,1072,1210,1243,1322,1341
方位|0.349|0.358|candidate|staging|1|0|1|2|0.33|0.39|24|133,152,157,192,195,293,313,315,363,377,469,514,640,748,951,1053,1056,1216,1310,1393,1425,1514,1556
龙斗罗|0.349|0.320|candidate|staging|2|0|0|2|0.33|0.39|24|400,595,596,599,630,1168,1177,1180,1181,1182,1190,1294,1302,1450,1483,1541,1562,1600,1617,1618,1647,1670,1694
黄色机甲|0.349|0.331|candidate|staging|2|0|0|2|0.33|0.39|26|110,432,438,471,480,482,682,806,831,880,905,991,1067,1259,1358,1360
毕业|0.348|0.317|candidate|staging|2|0|0|2|0.33|0.39|24|12,24,25,45,114,200,222,245,307,312,444,450,652,654,659,661,822,896,1060,1354
赵堂主|0.347|0.302|candidate|staging|1|0|1|2|0.33|0.39|28|166,167,168,173,703
唐门先|0.347|0.334|candidate|staging|2|0|0|2|0.33|0.39|23|167,287,435,692,705,772,846,1025,1032,1064,1075,1219,1313,1316,1329,1392,1397,1555,1568,1579,1580
金三叉|0.347|0.336|candidate|staging|2|0|0|2|0.33|0.39|24|1199,1232,1233,1234,1237,1254,1261,1295,1314,1326,1379,1454,1463,1464,1467,1528
金刚狒|0.346|0.337|candidate|staging|2|0|0|2|0.33|0.38|27|369,370,371,372,373,406
龙尘|0.343|0.097|candidate|staging|1|0|1|2|0.33|0.38|1|460
罗帝国|0.342|0.698|candidate|staging|1|0|0|1|0.17|0.74|236|466,480,484,485,486,487,488,489,490,493,497,498,500,501,502,504,505,506,507,511,518,519,520,521,522,524,525,529,530,531,534,535,538,539,540,547,551,553,556,558,565,567,568,576,583,584,587,593,610,614,919,983,984,995,1028,1035,1043,1045,1053,1054,1055,1057,1060,1145,1146,1147,1154,1157,1158,1159,1160,1171,1172,1173,1176,1177,1181,1182,1183,1189,1191,1194,1195,1196,1201,1203,1205,1206,1207,1209,1210,1211,1212,1213,1216,1217,1218,1219,1220,1223,1319,1323,1332,1426,1443,1473,1612,1653,1682,1690
司马蓝|0.325|0.682|candidate|staging|2|0|0|2|0.33|0.31|14|462,463,465,479,486,489
云冥|0.314|0.665|candidate|staging|1|0|0|1|0.17|0.65|172|598,599,602,605,610,611,613,621,622,623,630,631,632,633,709,710,726,729,730,731,733,769,823,843,897,1032,1033,1055,1056,1059,1060,1172,1176,1223,1224,1225,1380,1384,1392,1446,1454,1486,1518,1578,1591,1592,1593,1599,1619,1623,1628,1700
龙爪|0.308|0.518|candidate|staging|1|0|0|1|0.17|0.63|115|78,102,103,104,105,106,107,115,127,129,138,141,143,148,163,186,193,205,213,214,216,219,225,239,241,243,247,258,259,263,278,319,328,329,342,346,363,365,371,418,432,437,447,470,490,491,495,498,503,504,508,523,539,540,566,587,619,624,638,645,670,673,737,749,759,1064,1162,1186,1269,1333,1683
罗郁金|0.306|0.505|candidate|staging|1|0|0|1|0.17|0.62|157|763,765,767,768,769,770,771,772,773,776,842,843,844,845,846,847,850,925,947,948,959,1011,1012,1046,1063,1064,1069,1150,1151,1152,1154,1155,1198,1204,1215,1267,1268,1352,1433,1645
谢遍|0.306|0.102|candidate|staging|1|0|1|2|0.33|0.25|1|721
金香|0.305|0.562|candidate|staging|1|0|0|1|0.17|0.62|153|763,765,767,768,769,770,771,772,773,776,842,843,844,845,846,847,850,947,948,959,1011,1012,1064,1069,1150,1151,1152,1153,1154,1155,1198,1204,1267,1268,1272,1283,1352,1645
黄色|0.288|0.565|archived|archive|1|0|0|1|0.17|0.56|74|14,18,22,47,77,84,114,125,141,156,206,218,235,263,311,414,419,431,432,438,446,471,480,498,526,592,613,641,643,675,680,682,831,905,924,951,984,991,1043,1053,1064,1065,1067,1230,1258,1303,1315,1340,1341,1347,1358,1360,1456,1459,1530,1532,1571,1668
张幻云|0.288|0.559|archived|archive|1|0|0|1|0.17|0.56|97|925,926,934,939,941,942,944,945,947,950,951,952,953,954,956,957,958,959,965,968,969,970,971,972,1054,1055,1336,1490,1508,1541,1562,1585,1586,1604
唐昊|0.269|0.266|archived|archive|1|0|1|2|0.33|0.13|2|1655,1656
龙哥|0.269|0.180|archived|archive|1|0|0|1|0.17|0.50|2|13
唐麟|0.269|0.308|archived|archive|1|0|0|1|0.17|0.50|2|634,1443
黄三|0.269|0.102|archived|archive|1|0|0|1|0.17|0.50|1|707
方儿|0.264|0.446|archived|archive|1|0|0|1|0.17|0.48|52|505,506,507,508,509,512,521,522,524,526,528,530,531,535,541,542,555,556,562,563,564,565,569,572,575
方冲|0.254|0.336|archived|archive|1|0|0|1|0.17|0.45|35|73,271,316,363,457,470,541,658,665,781,785,807,808,809,829,855,859,881,882,883,903,925,1038,1187,1381,1412,1423,1454,1495,1533,1551,1572,1573,1585
龙王传|0.250|0.342|archived|archive|1|0|0|1|0.17|0.44|34|0,96,152,510,514,530,539,543,547,553,571,575,576,775,799,849,873,970,1039,1062,1146,1563,1604,1616,1619,1631
王传|0.250|0.342|archived|archive|1|0|0|1|0.17|0.44|34|0,96,152,510,514,530,539,543,547,553,571,575,576,775,799,849,873,970,1039,1062,1146,1563,1604,1616,1619,1631
罗层次|0.248|0.319|archived|archive|1|0|0|1|0.17|0.43|31|598,625,828,902,1021,1045,1060,1187,1193,1213,1248,1250,1277,1310,1313,1339,1341,1355,1372,1382,1419,1427,1444,1488,1528,1543,1546,1556,1599,1686
方是|0.240|0.361|archived|archive|1|0|0|1|0.17|0.40|26|54,158,224,271,328,436,452,502,581,596,704,800,874,975,1226,1313,1320,1387,1426,1435,1441,1449,1483,1565
方炸响|0.231|0.103|archived|archive|1|0|0|1|0.17|0.38|1|941
黄四|0.194|0.102|archived|archive|1|0|0|1|0.17|0.25|1|705
司马也|0.194|0.102|archived|archive|1|0|0|1|0.17|0.25|1|1005
赵松|0.194|0.103|archived|archive|1|0|0|1|0.17|0.25|1|728
黄两|0.157|0.093|archived|archive|1|0|0|1|0.17|0.13|1|1456
司马矜|0.157|0.101|archived|archive|1|0|0|1|0.17|0.13|1|1067
司马驰|0.143|0.103|archived|archive|1|0|0|1|0.17|0.08|1|975
唐回|0.143|0.092|archived|archive|1|0|0|1|0.17|0.08|1|1512
[分层统计] core=0 supporting=68 candidate=102 archived=20
[分流统计] main=68 staging=102 archive=20

=== LOCATION (189条) ===
实体|重要性|置信度|分层|分流|因果|唯一|转折|storyScore|storyValue|呈现价值|提及|章节
食堂门|0.531|0.270|supporting|main|1|0|1|2|0.33|1.00|2|298,341
餐厅门|0.531|0.098|candidate|staging|1|0|1|2|0.33|1.00|1|500
特殊关|0.493|0.100|candidate|staging|1|0|1|2|0.33|0.88|1|577
先静观|0.493|0.101|candidate|staging|1|0|1|2|0.33|0.88|1|673
酒店门|0.456|0.336|candidate|staging|1|0|1|2|0.33|0.75|3|579,777,851
终极关|0.456|0.180|candidate|staging|1|0|1|2|0.33|0.75|2|159
另啲宗门|0.456|0.097|candidate|staging|1|0|1|2|0.33|0.75|1|468
整个山谷|0.456|0.100|candidate|staging|1|0|1|2|0.33|0.75|1|591
星罗帝国|0.425|0.680|candidate|staging|2|0|1|3|0.50|0.25|120|479,480,482,483,484,485,486,488,489,497,498,507,510,511,522,529,530,534,535,539,555,559,568,572,576,593,602,603,623,624,633,703,710,718,719,743,753,835,909,919,983,1020,1028,1029,1033,1043,1044,1045,1050,1053,1057,1060,1145,1147,1150,1154,1157,1171,1172,1173,1176,1181,1182,1183,1187,1191,1194,1207,1209,1211,1212,1217,1219,1235,1241,1261,1267,1318,1319,1323,1332,1389,1397,1418,1424,1426,1485,1554,1690
灵塔塔|0.419|0.316|candidate|staging|1|0|0|1|0.17|1.00|3|994,1500,1544
密切观|0.419|0.097|candidate|staging|1|0|0|1|0.17|1.00|1|454
连深渊|0.418|0.285|candidate|staging|1|0|1|2|0.33|0.63|2|1018,1544
天尽山|0.418|0.285|candidate|staging|1|0|1|2|0.33|0.63|2|774,848
教室大门|0.418|0.096|candidate|staging|1|0|1|2|0.33|0.63|1|396
锻造台|0.387|0.651|candidate|staging|2|0|1|3|0.50|0.13|53|13,19,26,41,42,96,203,208,282,285,300,302,346,348,349,399,400,403,422,423,634,635,802,803,876,877,998,999,1002,1005,1245,1246,1478
令围观|0.382|0.097|candidate|staging|1|0|0|1|0.17|0.88|1|452
周长溪|0.381|0.661|candidate|staging|1|0|1|2|0.33|0.50|47|34,36,37,38,39,44,45,49,50,51,60,66,83,106,107,182
星罗城|0.381|0.544|candidate|staging|1|0|1|2|0.33|0.50|27|164,479,480,482,484,485,489,492,498,510,524,533,554,555,557,576,577,579,1158,1172
内院门|0.381|0.193|candidate|staging|1|0|1|2|0.33|0.50|2|594
咱们唐门|0.381|0.287|candidate|staging|1|0|1|2|0.33|0.50|2|215,758
办公室门|0.381|0.104|candidate|staging|1|0|1|2|0.33|0.50|1|925
闭死关|0.381|0.096|candidate|staging|1|0|1|2|0.33|0.50|1|426
锻天台|0.381|0.095|candidate|staging|1|0|1|2|0.33|0.50|1|1351
教导处门|0.381|0.091|candidate|staging|1|0|1|2|0.33|0.50|1|65
酒店楼|0.381|0.101|candidate|staging|1|0|1|2|0.33|0.50|1|1059
完成唐门|0.381|0.100|candidate|staging|1|0|1|2|0.33|0.50|1|576
菜克城|0.344|0.095|candidate|staging|1|0|0|1|0.17|0.75|1|1341
整条山|0.343|0.332|candidate|staging|1|0|1|2|0.33|0.38|3|955,961
炫世唐门|0.343|0.266|candidate|staging|1|0|1|2|0.33|0.38|2|160,166
偷眼观|0.343|0.091|candidate|staging|1|0|1|2|0.33|0.38|1|184
雄霸领城|0.343|0.097|candidate|staging|1|0|1|2|0.33|0.38|1|1265
周围群山|0.343|0.096|candidate|staging|1|0|1|2|0.33|0.38|1|1283
注意观|0.343|0.092|candidate|staging|1|0|1|2|0.33|0.38|1|209
魔鬼群岛|0.306|0.660|candidate|staging|2|0|0|2|0.33|0.25|65|679,681,685,686,687,694,695,697,718,719,727,791,794,865,868,920,925,933,950,970,981,986,994,1019,1023,1033,1036,1037,1044,1049,1050,1058,1236,1242,1272,1314,1326,1329,1351,1353,1370,1393,1397,1418
永恒天国|0.306|0.463|candidate|staging|1|0|1|2|0.33|0.25|22|1398,1400,1404,1408,1436,1442,1466,1469,1471,1476,1523,1526,1537,1538,1541,1542,1543,1569,1651
危急关|0.306|0.322|candidate|staging|1|0|1|2|0.33|0.25|5|466,1014,1054,1058,1264
江湖|0.306|0.326|candidate|staging|1|0|1|2|0.33|0.25|3|23,1054,1056
整个山|0.306|0.332|candidate|staging|1|0|1|2|0.33|0.25|3|277,1283,1338
离开龙谷|0.306|0.305|candidate|staging|1|0|1|2|0.33|0.25|2|594,1324
半分关|0.306|0.102|candidate|staging|1|0|1|2|0.33|0.25|1|1015
当郭镇|0.306|0.092|candidate|staging|1|0|1|2|0.33|0.25|1|1494
人家家门|0.306|0.095|candidate|staging|1|0|1|2|0.33|0.25|1|1359
人家门|0.306|0.095|candidate|staging|1|0|1|2|0.33|0.25|1|1360
宿舍楼门|0.306|0.091|candidate|staging|1|0|1|2|0.33|0.25|1|118
星罗城城|0.306|0.098|candidate|staging|1|0|1|2|0.33|0.25|1|1194
亚历山|0.306|0.091|candidate|staging|1|0|1|2|0.33|0.25|1|99
岩浆湖|0.306|0.093|candidate|staging|1|0|1|2|0.33|0.25|1|1464
以参观|0.306|0.098|candidate|staging|1|0|1|2|0.33|0.25|1|1203
只见山|0.306|0.099|candidate|staging|1|0|1|2|0.33|0.25|1|551
无尽山|0.269|0.490|archived|archive|1|0|0|1|0.17|0.50|20|776,777,793,795,850,851,867,869
打开房门|0.269|0.326|archived|archive|1|0|0|1|0.17|0.50|3|197,395,483
鬼门关|0.269|0.318|archived|archive|1|0|0|1|0.17|0.50|3|1338,1529,1531
儿副塔|0.269|0.101|archived|archive|1|0|0|1|0.17|0.50|1|1062
将军阁|0.269|0.102|archived|archive|1|0|0|1|0.17|0.50|1|684
谢谢塔|0.269|0.099|archived|archive|1|0|0|1|0.17|0.50|1|1172
主席台|0.268|0.680|archived|archive|2|0|0|2|0.33|0.13|91|183,203,204,207,208,209,399,401,402,404,406,408,454,494,508,509,511,512,521,522,523,524,538,543,547,549,550,552,555,558,565,567,569,573,575,576,1146,1147,1148,1150,1151,1160,1162,1163,1164,1168,1172,1173,1175,1176,1177,1181,1252,1257,1260,1271,1272,1280,1282,1284,1285,1301,1303,1312,1318,1322,1324,1329,1330,1331,1332,1333,1654
史莱克城|0.268|0.680|archived|archive|1|0|1|2|0.33|0.13|77|16,164,170,191,194,203,232,233,244,245,246,248,252,255,281,286,294,303,305,306,323,327,333,340,360,394,413,414,425,441,498,593,633,702,709,717,726,729,731,752,753,755,757,983,989,996,1005,1010,1020,1027,1387,1394,1485,1486,1487,1505,1524,1601
中原|0.268|0.573|archived|archive|1|0|1|2|0.33|0.13|15|0,236,314,372,570,587,716,937,966,969,1064,1346,1475,1574,1642
观星台|0.268|0.452|archived|archive|1|0|1|2|0.33|0.13|11|445,446,448,449,1004,1484
控制台|0.268|0.339|archived|archive|1|0|1|2|0.33|0.13|5|780,784,854,858,1058
天圣裂渊|0.268|0.331|archived|archive|1|0|1|2|0.33|0.13|5|1634,1642,1643,1651,1654
整个洞|0.268|0.343|archived|archive|1|0|1|2|0.33|0.13|5|689,783,787,857,861
大局观|0.268|0.269|archived|archive|1|0|1|2|0.33|0.13|2|281,318
罗帝国|0.268|0.276|archived|archive|1|0|1|2|0.33|0.13|2|1147,1443
单体源泉|0.268|0.091|archived|archive|1|0|1|2|0.33|0.13|1|1538
调动深渊|0.268|0.103|archived|archive|1|0|1|2|0.33|0.13|1|949
封印深渊|0.268|0.091|archived|archive|1|0|1|2|0.33|0.13|1|1543
酒店大门|0.268|0.100|archived|archive|1|0|1|2|0.33|0.13|1|579
魔鬼山|0.268|0.102|archived|archive|1|0|1|2|0.33|0.13|1|680
内陆城|0.268|0.091|archived|archive|1|0|1|2|0.33|0.13|1|26
内院大门|0.268|0.095|archived|archive|1|0|1|2|0.33|0.13|1|339
却令观|0.268|0.091|archived|archive|1|0|1|2|0.33|0.13|1|81
星洛帝国|0.268|0.099|archived|archive|1|0|1|2|0.33|0.13|1|532
空中观|0.231|0.332|archived|archive|1|0|0|1|0.17|0.38|3|471,820,894
最受关|0.231|0.326|archived|archive|1|0|0|1|0.17|0.38|3|193,203,1329
带议员阁|0.231|0.096|archived|archive|1|0|0|1|0.17|0.38|1|421
琅玥关|0.231|0.091|archived|archive|1|0|0|1|0.17|0.38|1|10
灵贝塔|0.231|0.101|archived|archive|1|0|0|1|0.17|0.38|1|626
树屋门|0.231|0.102|archived|archive|1|0|0|1|0.17|0.38|1|694
无底洞|0.231|0.103|archived|archive|1|0|0|1|0.17|0.38|1|727
小餐馆门|0.231|0.097|archived|archive|1|0|0|1|0.17|0.38|1|440
升灵台|0.231|0.669|archived|archive|2|0|0|2|0.33|0.00|151|121,122,123,124,125,126,127,128,130,131,133,134,135,136,137,138,139,141,142,143,144,145,147,149,150,151,152,155,168,169,173,174,175,179,180,184,201,206,231,234,235,236,237,238,241,242,243,244,257,259,275,279,360,365,488,622,627,738,741,828,902,925,980,1261,1277,1286,1300,1353,1354,1356,1363,1557
天斗帝国|0.231|0.457|archived|archive|1|0|1|2|0.33|0.00|22|1042,1044,1051,1060,1061,1062,1071,1074,1150,1157,1171,1394
全场观|0.231|0.327|archived|archive|1|0|1|2|0.33|0.00|5|527,547,551,1176,1323
宿舍门|0.231|0.326|archived|archive|1|0|1|2|0.33|0.00|5|36,89,245,335,622
联邦政府|0.231|0.335|archived|archive|1|0|1|2|0.33|0.00|4|439,1033,1227,1336
宿舍楼|0.231|0.326|archived|archive|1|0|1|2|0.33|0.00|4|34,79,83,86
大量深渊|0.231|0.341|archived|archive|1|0|1|2|0.33|0.00|3|940,1573
天定城|0.231|0.324|archived|archive|1|0|1|2|0.33|0.00|3|443,449
整个观|0.231|0.332|archived|archive|1|0|1|2|0.33|0.00|3|445,447,449
场外观|0.231|0.320|archived|archive|1|0|1|2|0.33|0.00|2|489,1424
当南宫|0.231|0.266|archived|archive|1|0|1|2|0.33|0.00|2|1616,1617
密切关|0.231|0.280|archived|archive|1|0|1|2|0.33|0.00|2|659,666
唐门门|0.231|0.279|archived|archive|1|0|1|2|0.33|0.00|2|1029,1158
银龙镇|0.231|0.266|archived|archive|1|0|1|2|0.33|0.00|2|1530,1532
包厢中观|0.231|0.092|archived|archive|1|0|1|2|0.33|0.00|1|226
部分观|0.231|0.099|archived|archive|1|0|1|2|0.33|0.00|1|1160
操控台|0.231|0.102|archived|archive|1|0|1|2|0.33|0.00|1|675
达灵渊|0.231|0.104|archived|archive|1|0|1|2|0.33|0.00|1|916
斗罗关|0.231|0.091|archived|archive|1|0|1|2|0.33|0.00|1|1621
黑暗天城|0.231|0.091|archived|archive|1|0|1|2|0.33|0.00|1|1619
换成关|0.231|0.093|archived|archive|1|0|1|2|0.33|0.00|1|1454
将赤山|0.231|0.096|archived|archive|1|0|1|2|0.33|0.00|1|1279
克新城|0.231|0.091|archived|archive|1|0|1|2|0.33|0.00|1|1621
灵将阁|0.231|0.096|archived|archive|1|0|1|2|0.33|0.00|1|1282
令山谷|0.231|0.093|archived|archive|1|0|1|2|0.33|0.00|1|276
气血镇|0.231|0.097|archived|archive|1|0|1|2|0.33|0.00|1|457
切磋擂台|0.231|0.096|archived|archive|1|0|1|2|0.33|0.00|1|384
情人桥|0.231|0.096|archived|archive|1|0|1|2|0.33|0.00|1|409
山谷悬崖|0.231|0.093|archived|archive|1|0|1|2|0.33|0.00|1|277
生死关|0.231|0.097|archived|archive|1|0|1|2|0.33|0.00|1|466
挑衅观|0.231|0.099|archived|archive|1|0|1|2|0.33|0.00|1|543
雄霸演城|0.231|0.097|archived|archive|1|0|1|2|0.33|0.00|1|1265
执法机关|0.231|0.097|archived|archive|1|0|1|2|0.33|0.00|1|439
魂灵塔|0.194|0.457|archived|archive|1|0|0|1|0.17|0.25|13|353,360,362,373,428,627
魔鬼岛|0.194|0.461|archived|archive|1|0|0|1|0.17|0.25|9|699,700,706,707,709,710,980,981
莱克城|0.194|0.336|archived|archive|1|0|0|1|0.17|0.25|6|728,733,734,1045,1190,1336
登天台|0.194|0.324|archived|archive|1|0|0|1|0.17|0.25|4|1245,1246
古丈亭|0.194|0.323|archived|archive|1|0|0|1|0.17|0.25|3|1271,1312
长安|0.194|0.325|archived|archive|1|0|0|1|0.17|0.25|3|191,243,274
深渊洞|0.194|0.286|archived|archive|1|0|0|1|0.17|0.25|2|812,886
暗中观|0.194|0.094|archived|archive|1|0|0|1|0.17|0.25|1|309
邦政府|0.194|0.095|archived|archive|1|0|0|1|0.17|0.25|1|1336
玻璃门|0.194|0.092|archived|archive|1|0|0|1|0.17|0.25|1|231
气象部门|0.194|0.091|archived|archive|1|0|0|1|0.17|0.25|1|93
守护深渊|0.194|0.091|archived|archive|1|0|0|1|0.17|0.25|1|1523
像大山|0.194|0.099|archived|archive|1|0|0|1|0.17|0.25|1|549
凶狼关|0.194|0.091|archived|archive|1|0|0|1|0.17|0.25|1|1537
整片山|0.194|0.103|archived|archive|1|0|0|1|0.17|0.25|1|962
指挥深渊|0.194|0.091|archived|archive|1|0|0|1|0.17|0.25|1|1572
指挥台|0.194|0.091|archived|archive|1|0|0|1|0.17|0.25|1|1653
皇宫|0.157|0.578|archived|archive|1|0|0|1|0.17|0.13|26|256,485,486,497,510,1062,1176,1182,1183,1191,1194,1195
认真观|0.157|0.288|archived|archive|1|0|0|1|0.17|0.13|2|573,925
大阵外观|0.157|0.091|archived|archive|0|0|1|1|0.17|0.13|1|1687
电梯门|0.157|0.095|archived|archive|1|0|0|1|0.17|0.13|1|360
共同观|0.157|0.104|archived|archive|1|0|0|1|0.17|0.13|1|925
竞争关|0.157|0.094|archived|archive|1|0|0|1|0.17|0.13|1|309
咖啡馆门|0.157|0.102|archived|archive|1|0|0|1|0.17|0.13|1|993
内坐镇|0.157|0.095|archived|archive|1|0|0|1|0.17|0.13|1|1357
水恒天国|0.157|0.091|archived|archive|1|0|0|1|0.17|0.13|1|1542
巡视唐门|0.157|0.099|archived|archive|1|0|0|1|0.17|0.13|1|1171
意唐门|0.157|0.096|archived|archive|1|0|0|1|0.17|0.13|1|1319
支援山|0.157|0.091|archived|archive|1|0|0|1|0.17|0.13|1|1573
大理|0.150|0.091|archived|archive|0|0|0|0|0.00|0.50|1|16
天斗城|0.119|0.682|archived|archive|1|0|0|1|0.17|0.00|131|161,162,163,164,165,166,168,169,181,232,246,247,252,414,415,416,420,425,429,430,433,434,436,438,439,624,704,705,706,709,710,711,712,717,718,729,751,753,983,984,997,1005,1023,1025,1026,1027,1028,1034,1043,1045,1056,1057,1058,1060,1062,1071,1072,1222,1223,1225,1243,1337,1338,1399,1408,1410,1661
灵波城|0.119|0.483|archived|archive|1|0|0|1|0.17|0.00|21|1060,1061,1065,1067,1071
西山|0.119|0.461|archived|archive|1|0|0|1|0.17|0.00|13|1416,1421,1423,1461
金龙镇|0.119|0.314|archived|archive|1|0|0|1|0.17|0.00|7|256,1067,1167,1168,1266
开封|0.119|0.333|archived|archive|1|0|0|1|0.17|0.00|7|87,88,97,107,951,1648
天灵城|0.119|0.336|archived|archive|1|0|0|1|0.17|0.00|6|436,437,440,441
江南|0.119|0.329|archived|archive|1|0|0|1|0.17|0.00|3|167,369,505
整个深渊|0.119|0.332|archived|archive|1|0|0|1|0.17|0.00|3|951,972
暗处观|0.119|0.270|archived|archive|1|0|0|1|0.17|0.00|2|1338,1450
防御塔|0.119|0.268|archived|archive|1|0|0|1|0.17|0.00|2|1442,1458
空中宝山|0.119|0.286|archived|archive|1|0|0|1|0.17|0.00|2|814,888
联络塔|0.119|0.280|archived|archive|1|0|0|1|0.17|0.00|2|655,662
西山山|0.119|0.184|archived|archive|1|0|0|1|0.17|0.00|2|1416
消灭深渊|0.119|0.286|archived|archive|1|0|0|1|0.17|0.00|2|813,887
幽幽光泽|0.119|0.286|archived|archive|1|0|0|1|0.17|0.00|2|815,889
包括唐门|0.119|0.099|archived|archive|1|0|0|1|0.17|0.00|1|1178
朝深渊|0.119|0.092|archived|archive|1|0|0|1|0.17|0.00|1|1517
打造关|0.119|0.091|archived|archive|1|0|0|1|0.17|0.00|1|43
当赤山|0.119|0.096|archived|archive|1|0|0|1|0.17|0.00|1|1279
电视台|0.119|0.099|archived|archive|1|0|0|1|0.17|0.00|1|1171
感受深渊|0.119|0.103|archived|archive|1|0|0|1|0.17|0.00|1|951
个个炮台|0.119|0.098|archived|archive|1|0|0|1|0.17|0.00|1|1212
金字塔|0.119|0.094|archived|archive|1|0|0|1|0.17|0.00|1|1392
量罗帝国|0.119|0.099|archived|archive|1|0|0|1|0.17|0.00|1|1147
琉璃塔|0.119|0.098|archived|archive|1|0|0|1|0.17|0.00|1|509
门第观|0.119|0.097|archived|archive|1|0|0|1|0.17|0.00|1|463
免费观|0.119|0.094|archived|archive|1|0|0|1|0.17|0.00|1|1375
难怪关|0.119|0.093|archived|archive|1|0|0|1|0.17|0.00|1|1441
内院观|0.119|0.100|archived|archive|1|0|0|1|0.17|0.00|1|596
山岳镇|0.119|0.100|archived|archive|1|0|0|1|0.17|0.00|1|614
少外门|0.119|0.092|archived|archive|1|0|0|1|0.17|0.00|1|231
少坐镇|0.119|0.103|archived|archive|1|0|0|1|0.17|0.00|1|951
守卫深渊|0.119|0.092|archived|archive|1|0|0|1|0.17|0.00|1|1490
唐门叛国|0.119|0.098|archived|archive|1|0|0|1|0.17|0.00|1|1219
挑战关|0.119|0.093|archived|archive|1|0|0|1|0.17|0.00|1|1424
星费帝国|0.119|0.098|archived|archive|1|0|0|1|0.17|0.00|1|498
研究深渊|0.119|0.091|archived|archive|1|0|0|1|0.17|0.00|1|1577
议长阁|0.119|0.091|archived|archive|1|0|0|1|0.17|0.00|1|1681
铡刀门|0.119|0.093|archived|archive|1|0|0|1|0.17|0.00|1|260
招亲台|0.119|0.095|archived|archive|1|0|0|1|0.17|0.00|1|1329
整个城|0.119|0.091|archived|archive|1|0|0|1|0.17|0.00|1|39
整个湖|0.119|0.095|archived|archive|1|0|0|1|0.17|0.00|1|1345
众位观|0.119|0.093|archived|archive|1|0|0|1|0.17|0.00|1|1447
砖灵塔|0.119|0.091|archived|archive|1|0|0|1|0.17|0.00|1|1628
左侧车门|0.119|0.100|archived|archive|1|0|0|1|0.17|0.00|1|593
[分层统计] core=0 supporting=1 candidate=48 archived=140
[分流统计] main=1 staging=48 archive=140

=== ITEM (82条) ===
实体|重要性|置信度|分层|分流|因果|唯一|转折|storyScore|storyValue|呈现价值|提及|章节
银样镴枪|0.493|0.100|candidate|staging|1|0|1|2|0.33|0.88|1|623
金色鳞片散|0.381|0.102|candidate|staging|1|0|1|2|0.33|0.50|1|700
龙夜月一锤|0.381|0.094|candidate|staging|1|0|1|2|0.33|0.50|1|1398
神枪的枪|0.381|0.093|candidate|staging|1|0|1|2|0.33|0.50|1|1454
银色金属散|0.381|0.096|candidate|staging|1|0|1|2|0.33|0.50|1|382
蓝色长剑|0.344|0.273|candidate|staging|1|0|0|1|0.17|0.75|2|343,459
金属棍|0.343|0.481|candidate|staging|1|0|1|2|0.33|0.38|12|783,787,857,861
金色的戟|0.343|0.097|candidate|staging|1|0|1|2|0.33|0.38|1|1232
金线消散|0.343|0.103|candidate|staging|1|0|1|2|0.33|0.38|1|978
蓝木子散|0.343|0.100|candidate|staging|1|0|1|2|0.33|0.38|1|610
玉银散|0.306|0.096|candidate|staging|1|0|0|1|0.17|0.63|1|383
龙族法刀|0.306|0.468|candidate|staging|2|0|0|2|0.33|0.25|8|1006,1056,1181
灵锻锻造锤|0.306|0.184|candidate|staging|1|0|1|2|0.33|0.25|2|301
铁片在双锤|0.306|0.285|candidate|staging|1|0|1|2|0.33|0.25|2|803,877
甲胄翻卷|0.306|0.096|candidate|staging|1|0|1|2|0.33|0.25|1|418
蓝色剑|0.306|0.093|candidate|staging|1|0|1|2|0.33|0.25|1|1456
龙冰微卷|0.306|0.091|candidate|staging|1|0|1|2|0.33|0.25|1|1604
龙爪如钩|0.306|0.095|candidate|staging|1|0|1|2|0.33|0.25|1|371
焰战斧|0.306|0.097|candidate|staging|1|0|1|2|0.33|0.25|1|1263
银光消散|0.306|0.096|candidate|staging|1|0|1|2|0.33|0.25|1|1277
金色光晕令|0.269|0.095|archived|archive|1|0|0|1|0.17|0.50|1|349
阳木刀|0.268|0.380|archived|archive|1|0|1|2|0.33|0.13|10|1363,1364,1365,1626
冰神珠|0.268|0.532|archived|archive|1|0|1|2|0.33|0.13|7|1072,1188,1190,1191
蓝鳍金枪|0.268|0.316|archived|archive|1|0|1|2|0.33|0.13|3|199,202,469
火焰烙印|0.268|0.091|archived|archive|1|0|1|2|0.33|0.13|1|1653
金光扩散|0.268|0.096|archived|archive|1|0|1|2|0.33|0.13|1|1314
金球内部散|0.268|0.096|archived|archive|1|0|1|2|0.33|0.13|1|402
金色光茧散|0.268|0.092|archived|archive|1|0|1|2|0.33|0.13|1|228
蓝金色巨剑|0.268|0.093|archived|archive|1|0|1|2|0.33|0.13|1|1459
龙王封印|0.268|0.095|archived|archive|1|0|1|2|0.33|0.13|1|1325
墨蓝打开灯|0.268|0.102|archived|archive|1|0|1|2|0.33|0.13|1|994
神龙变令|0.268|0.091|archived|archive|1|0|1|2|0.33|0.13|1|1643
神圣驱散|0.268|0.091|archived|archive|1|0|1|2|0.33|0.13|1|1623
圣剑消散|0.268|0.098|archived|archive|1|0|1|2|0.33|0.13|1|509
紫黑色长剑|0.268|0.094|archived|archive|1|0|1|2|0.33|0.13|1|327
青色龙卷|0.231|0.185|archived|archive|1|0|0|1|0.17|0.38|2|320
龙角成刀|0.231|0.102|archived|archive|1|0|0|1|0.17|0.38|1|1006
紫极魔瞳令|0.231|0.092|archived|archive|1|0|0|1|0.17|0.38|1|216
灵锻沉银锤|0.231|0.388|archived|archive|2|0|0|2|0.33|0.00|10|288,301,348,380,401,402,635
雷神之鞭|0.231|0.398|archived|archive|2|0|0|2|0.33|0.00|5|1214,1265,1309
蓝银如鞭|0.231|0.180|archived|archive|1|0|1|2|0.33|0.00|2|103
血红色龙卷|0.231|0.185|archived|archive|1|0|1|2|0.33|0.00|2|1364
火人被震散|0.231|0.096|archived|archive|1|0|1|2|0.33|0.00|1|1279
金色巨刀|0.231|0.102|archived|archive|1|0|1|2|0.33|0.00|1|1006
灵力逸散|0.231|0.091|archived|archive|1|0|1|2|0.33|0.00|1|143
魔九指席卷|0.231|0.094|archived|archive|1|0|1|2|0.33|0.00|1|1374
魔神剑|0.231|0.091|archived|archive|1|0|1|2|0.33|0.00|1|1599
霜痕剑|0.231|0.091|archived|archive|1|0|1|2|0.33|0.00|1|1629
紫色的魔剑|0.231|0.095|archived|archive|1|0|1|2|0.33|0.00|1|366
金色剑|0.225|0.101|archived|archive|0|0|0|0|0.00|0.75|1|1039
寒冰封印|0.194|0.094|archived|archive|1|0|0|1|0.17|0.25|1|310
红色古琴|0.194|0.091|archived|archive|1|0|0|1|0.17|0.25|1|1617
灵塔塔玉|0.194|0.102|archived|archive|1|0|0|1|0.17|0.25|1|994
阳本刀|0.194|0.095|archived|archive|1|0|0|1|0.17|0.25|1|1365
金三叉戟|0.157|0.331|archived|archive|1|0|0|1|0.17|0.13|3|1232,1261,1314
黑色大鼎|0.157|0.266|archived|archive|1|0|0|1|0.17|0.13|2|157,158
银色箭|0.157|0.285|archived|archive|1|0|0|1|0.17|0.13|2|840,914
冰神珠散|0.157|0.098|archived|archive|1|0|0|1|0.17|0.13|1|1190
寒韵无形剑|0.157|0.094|archived|archive|1|0|0|1|0.17|0.13|1|1382
黑发披散|0.157|0.098|archived|archive|1|0|0|1|0.17|0.13|1|505
黑色战锤|0.157|0.098|archived|archive|1|0|0|1|0.17|0.13|1|480
神力散|0.157|0.091|archived|archive|1|0|0|1|0.17|0.13|1|1672
金龙王封印|0.119|0.644|archived|archive|1|0|0|1|0.17|0.00|16|170,342,351,503,520,583,797,824,871,898,952,962,1346
金龙枪|0.119|0.442|archived|archive|1|0|0|1|0.17|0.00|11|824,898,925,953,1346,1348,1412,1502,1506,1510,1511
银龙枪|0.119|0.322|archived|archive|1|0|0|1|0.17|0.00|3|1509,1600,1654
黑暗龙卷|0.119|0.183|archived|archive|1|0|0|1|0.17|0.00|2|1430
金色长枪枪|0.119|0.286|archived|archive|1|0|0|1|0.17|0.00|2|819,893
烈帝的长戟|0.119|0.266|archived|archive|1|0|0|1|0.17|0.00|2|1632,1633
黑一一声令|0.119|0.098|archived|archive|1|0|0|1|0.17|0.00|1|500
火元素令|0.119|0.091|archived|archive|1|0|0|1|0.17|0.00|1|66
金底锤|0.119|0.091|archived|archive|1|0|0|1|0.17|0.00|1|42
金光消散|0.119|0.103|archived|archive|1|0|0|1|0.17|0.00|1|976
金属表面散|0.119|0.102|archived|archive|1|0|0|1|0.17|0.00|1|1000
金属锤锤|0.119|0.091|archived|archive|1|0|0|1|0.17|0.00|1|9
雷焱枪|0.119|0.093|archived|archive|1|0|0|1|0.17|0.00|1|1424
龙跃用长矛|0.119|0.099|archived|archive|1|0|0|1|0.17|0.00|1|549
龙族刀|0.119|0.102|archived|archive|1|0|0|1|0.17|0.00|1|1006
神三叉戟|0.119|0.091|archived|archive|1|0|0|1|0.17|0.00|1|1637
雪雾散|0.119|0.093|archived|archive|1|0|0|1|0.17|0.00|1|270
银白色的剑|0.119|0.098|archived|archive|1|0|0|1|0.17|0.00|1|480
金色三叉戟|0.075|0.101|archived|archive|0|0|0|0|0.00|0.25|1|1041
金光身上散|0.037|0.091|archived|archive|0|0|0|0|0.00|0.13|1|131
[分层统计] core=0 supporting=0 candidate=20 archived=62
[分流统计] main=0 staging=20 archive=62

=== EVENT (0条) ===
实体|重要性|置信度|分层|分流|因果|唯一|转折|storyScore|storyValue|呈现价值|提及|章节
[分层统计] core=0 supporting=0 candidate=0 archived=0
[分流统计] main=0 staging=0 archive=0
